0.1944
0.259
0.2752
0.281
0.2852
0.2828
0.2849
0.2945
0.3098
0.3223
0.3508
0.3418
0.3877
0.4001
0.4107
0.4182
0.4289
0.4411
0.4367
0.4482
0.4505
0.4573
0.4855
0.483
0.501
0.4785
0.4881
0.5069
0.5045
0.5127
0.5158
0.5266
0.5183
0.5129
0.524
0.537
0.5241
0.5338
0.5263
0.5286
0.5365
0.5399
0.5412
0.5537
0.5236
0.5404
0.5426
0.5469
0.5486
0.5407
0.5601
0.5573
0.563
0.5632
0.567
0.5662
0.5572
0.5593
0.5531
0.5758
0.5746
0.5599
0.5906
0.5895
0.5856
0.5945
0.5902
0.5688
0.5806
0.5798
0.5774
0.5585
0.585
0.5837
0.5642
0.5749
0.574
0.5668
0.5943
0.5869
0.5914
0.5824
0.5702
0.5875
0.5994
0.6045
0.6109
0.5944
0.604
0.5995
0.5992
0.5623
0.5942
0.5909
0.5869
0.6045
0.6152
0.5639
0.5999
0.6052
0.6195
0.5699
0.5921
0.5839
0.6026
0.6164
0.6137
0.6099
0.5818
0.5911
0.605
0.5954
0.6045
0.5965
0.5751
0.6115
0.6046
0.5979
0.575
0.606
0.5948
0.6009
0.5766
0.6102
0.6016
0.6065
0.5882
0.6083
0.5971
0.5999
0.5845
0.6038
0.5981
0.5992
0.6144
0.6246
0.5992
0.5988
0.5909
0.6331
0.6294
0.5915
0.5876
0.6039
0.5908
0.6225
0.5918
0.5993
0.598
0.6242
0.6069
0.5786
0.5801
0.625
0.6225
0.6132
0.6197
0.5804
0.6062
0.6095
0.6198
0.5981
0.6242
0.6288
0.6083
0.6137
0.6177
0.6464
0.6204
0.5954
0.595
0.5854
0.5921
0.6178
0.6018
0.6198
0.627
0.59
0.596
0.6101
0.5988
0.6354
0.6345
0.6391
0.6173
0.5874
0.6075
0.6253
0.601
0.5889
0.5841
0.637
0.6149
0.6171
0.5859
0.6244
0.5973
0.5878
0.5943
0.6055
0.6276
0.6176
0.6219
0.6102
0.594
0.6107
0.642
0.6244
0.616
0.6152
0.5922
0.6016
0.644
0.5958
0.6497
0.6189
0.6169
0.6063
0.6262
0.6247
0.5947
0.6085
0.6296
0.6165
0.6274
0.6305
0.6384
0.5941
0.581
0.6137
0.5885
0.6122
0.6184
0.6131
0.5781
0.5979
0.6145
0.6056
0.6047
0.6016
0.5755
0.5971
0.6048
0.6494
0.6265
0.6459
0.6459
0.6059
0.6428
0.6049
0.5946
0.6469
0.5944
0.6287
0.5869
0.6014
0.6128
0.6106
0.6064
0.6108
0.6113
0.6175
0.5923
0.5831
0.6269
0.5899
0.597
0.5791
0.6287
0.5936
0.618
0.6052
0.5884
0.6085
0.633
0.619
0.6027
0.5978
0.6127
0.6088
0.595
0.6141
0.5946
0.6264
0.5937
0.6233
0.5941
0.5959
0.6417
0.6239
0.6358
0.6181
0.6494
0.5992
0.6455
0.6056
0.6101
0.6252
0.6119
0.5967
0.6336
0.6111
0.6171
0.6318
0.5978
0.6068
0.5877
0.6047
0.6199
0.6221
0.6188
0.6012
0.6154
0.5931
0.6391
0.6417
0.6274
0.6234
0.6585
0.6597
0.6155
0.6215
0.6102
0.6246
0.618
0.6416
0.6037
0.6138
0.6267
0.5565
0.6138
0.6335
0.6348
0.6023
0.6144
0.6473
0.6138
0.586
0.6316
0.6139
0.6192
0.609
0.6151
0.6103
0.6377
0.6214
0.6434
0.5924
0.6133
0.6382
0.5957
0.6357
0.617
0.62
0.6533
0.617
0.6393
0.5891
0.6517
0.6167
0.6096
0.6077
0.5557
0.5955
0.5883
0.6092
0.6281
0.6298
0.6119
0.6244
0.6001
0.5984
0.6192
0.6542
0.6041
0.5725
0.6272
0.6238
0.5992
0.6501
0.6339
0.6192
0.598
0.6271
0.6347
0.6371
0.6292
0.6342
0.6535
0.6344
0.6456
0.627
0.6141
0.6318
0.6289
0.6213
0.616
0.6652
0.6293
0.6025
0.6358
0.6265
0.6233
0.6038
0.587
0.6063
0.6283
0.6357
0.6362
0.6374
0.6103
0.6554
0.6012
0.6282
0.5877
0.6591
0.6364
0.6235
0.6255
0.6148
0.6305
0.638
0.5937
0.6161
0.617
0.616
0.6384
0.6549
0.6369
0.6278
0.6295
0.6402
0.6291
0.628
0.6247
0.6612
0.6397
0.6117
0.6481
0.5882
0.6378
0.5866
0.6399
0.6305
0.6133
0.5858
0.6547
0.6287
0.638
0.6192
0.6485
0.603
0.6365
0.6476
0.6335
0.6303
0.6195
0.6264
0.6317
0.616
0.6146
0.6152
0.5996
0.6274
0.6143
0.6246
0.6115
0.6056
0.6023
0.6247
0.603
0.6432
0.5641
0.6332
0.6021
0.6284
0.6537
0.6031
0.6208
0.6471
0.6302
0.6305
0.6326
0.6405
0.5937
0.6299
0.6281
0.6503
0.616
0.6198
0.6311
0.6201
0.6311
0.6441
0.6455
0.6662
0.6536
0.6493
0.6223
0.6077
0.6317
0.6271
0.5937
0.6008
0.6426
0.625
0.608
0.6457
0.6268
0.5838
0.5915
0.6352
0.6503
0.6223
0.6733
0.6048
0.6358
0.6369
0.6331
0.6068
0.6241
0.5605
0.6058
0.6088
0.6256
0.5985
0.6026
0.6134
0.6292
0.6434
0.6179
0.6576
0.6357
0.6173
0.6092
0.6484
0.6108
0.6443
0.6344
0.6049
0.5823
0.6227
0.603
0.6115
0.6432
0.6514
0.6356
0.6647
0.6378
0.6472
0.6275
0.6164
0.6233
0.6115
0.6322
0.6375
0.6166
0.6066
0.6244
0.6278
0.6138
0.6371
0.6371
0.6315
0.6616
0.6671
0.6662
0.6153
0.6362
0.6012
0.651
0.6071
0.6206
0.6248
0.6359
0.676
0.5972
0.6123
0.6398
0.6244
0.632
0.6476
0.5917
0.6217
0.6565
0.6872
0.604
0.64
0.6219
0.6623
0.6425
0.641
0.6215
0.6332
0.6521
0.6177
0.6438
0.6403
0.6054
0.6204
0.6503
0.6097
0.6578
0.5789
0.592
0.6306
0.6552
0.6138
0.623
0.5863
0.6342
0.6061
0.6332
0.6364
0.6464
0.6324
0.6259
0.6221
0.5981
0.6173
0.6159
0.6337
0.6376
0.6168
0.6077
0.667
0.6473
0.6184
0.6568
0.5971
0.6454
0.6208
0.6528
0.6153
0.6201
0.6509
0.6549
0.6509
0.6217
0.6193
0.6332
0.6464
0.6456
0.6227
0.6554
0.6651
0.6406
0.6243
0.631
0.6121
0.6371
0.6228
0.6003
0.613
0.6239
0.6314
0.6321
0.6292
0.6068
0.6451
0.5991
0.6225
0.6579
0.6377
0.5694
0.6267
0.6273
0.654
0.6065
0.6119
0.6804
0.6396
0.653
0.6285
0.6381
0.6181
0.6283
0.604
0.5981
0.6189
0.655
0.6246
0.6525
0.6564
0.6603
0.6205
0.6351
0.6203
0.6404
0.6431
0.6322
0.5943
0.5985
0.6493
0.638
0.608
0.6109
0.5782
0.618
0.6537
0.5674
0.6093
0.6055
0.657
0.5861
0.6788
0.6606
0.6467
0.6073
0.6354
0.6764
0.6402
0.662
0.666
0.6317
0.6332
0.6068
0.6499
0.673
0.6283
0.6134
0.5907
0.6461
0.6679
0.6308
0.6446
0.6445
0.6393
0.6457
0.6568
0.6642
0.5995
0.6533
0.6587
0.6486
0.6523
0.6269
0.6321
0.6559
0.6363
0.6533
0.6157
0.6572
0.6218
0.6608
0.5919
0.6394
0.6519
0.6334
0.578
0.6632
0.6265
0.6471
0.6669
0.6197
0.6666
0.633
0.6122
0.6172
0.6522
0.6186
0.6443
0.6432
0.6393
0.6707
0.6339
0.6567
0.6035
0.5887
0.6748
0.6166
0.6565
0.59
0.6325
0.6565
0.6398
0.6653
0.6445
0.6479
0.6342
0.632
0.6369
0.644
0.6761
0.6597
0.6234
0.6098
0.653
0.6344
0.636
0.5896
0.6204
0.6464
0.6282
0.658
0.6657
0.6243
0.6626
0.6472
0.6726
0.641
0.6405
0.648
0.647
0.6261
0.6404
0.6081
0.6429
0.6811
0.6235
0.6513
0.6619
0.6116
0.6462
0.6361
0.6331
0.6382
0.6534
0.6481
0.6733
0.6212
0.6028
0.6394
0.6445
0.6899
0.6349
0.6494
0.6883
0.6763
0.6149
0.6107
0.6535
0.6637
0.6023
0.6808
0.6708
0.6324
0.6132
0.6642
0.669
0.6877
0.6439
0.6521
0.6195
0.6074
0.6469
0.5845
0.6267
0.6775
0.6524
0.6334
0.6349
0.662
0.6048
0.6199
0.663
0.6385
0.6503
0.6746
0.7043
0.592
0.652
0.6468
0.6991
0.6746
0.6619
0.6191
0.6726
0.6256
0.6317
0.6484
0.6041
0.6442
0.6686
0.6477
0.6346
0.6407
0.6601
0.6844
0.6986
0.66
0.645
0.6353
0.6132
0.6057
0.6234
0.6513
0.6873
0.7021
0.639
0.643
0.6556
0.6551
0.616
0.6478
0.6564
0.6602
0.685
0.6799
0.641
0.6461
0.6782
0.6637
0.6119
0.6597
0.6442
0.6494
0.6222
0.6464
0.6597
0.6509
0.6283
0.6204
0.6405
0.6777
0.6766
0.6582
0.6201
0.6825
0.6264
0.6461
0.6953
0.5921
0.6616
0.6557
0.6376
0.6751
0.6677
0.6257
0.6856
0.6685
0.6633
0.6881
0.6642
0.6464
0.6611
0.6656
0.6443
0.6765
0.6449
0.6896
0.6242
0.5979
0.6679
0.6615
0.7024
0.6665
0.6526
0.6566
0.5841
0.6565
0.6769
0.6484
0.6772
0.6765
0.6263
0.5898
0.6508
0.6621
0.6318
0.6729
0.6646
0.6596
0.6504
0.6751
0.6563
0.6633
0.6673
0.6886
0.6322
0.6505
0.6815
0.672
0.6506
0.6682
0.6065
0.6844
0.6444
0.6752
0.6194
0.6464
0.6755
0.6519
0.66
0.625
0.6574
0.6812
0.6729
0.6579
0.6616
0.6678
0.6119
0.6579
0.6989
0.6512
0.6865
0.6696
0.6893
0.6722
0.6569
