0.6174
0.4704
0.3669
0.2991
0.2719
0.2416
0.2416
0.1993
0.1832
0.2082
0.1736
0.1774
0.1596
0.1731
0.1539
0.1513
0.157
0.1336
0.1564
0.1238
0.1344
0.1283
0.1034
0.1229
0.1062
0.1386
0.1068
0.113
0.1059
0.1192
0.0916
0.1175
0.1121
0.0908
0.106
0.0978
0.1227
0.0969
0.1203
0.0928
0.1055
0.0992
0.1041
0.0973
0.1154
0.0965
0.0801
0.0879
0.1115
0.1056
0.0854
0.0997
0.0738
0.0897
0.0992
0.0787
0.0861
0.0917
0.0712
0.0708
0.0821
0.0836
0.0738
0.0747
0.0739
0.0807
0.0931
0.091
0.0898
0.1017
0.091
0.0859
0.084
0.0815
0.0951
0.092
0.0765
0.0824
0.0813
0.0677
0.0806
0.0875
0.0649
0.0661
0.0911
0.0893
0.0694
0.0539
0.0675
0.0833
0.0649
0.079
0.067
0.1039
0.0549
0.087
0.0665
0.0785
0.0858
0.0754
0.0546
0.0753
0.0726
0.0719
0.0864
0.0749
0.0642
0.0773
0.0732
0.0766
0.0683
0.0658
0.0784
0.0815
0.072
0.0543
0.0573
0.0674
0.079
0.0675
0.0655
0.0882
0.0691
0.0581
0.0649
0.0496
0.0713
0.0545
0.0578
0.0565
0.068
0.0551
0.0534
0.0613
0.0793
0.0616
0.0804
0.082
0.0618
0.0523
0.0671
0.0566
0.0811
0.0673
0.0867
0.0587
0.0668
0.0636
0.0521
0.0634
0.0573
0.0609
0.0598
0.0664
0.0551
0.0652
0.0446
0.0747
0.0485
0.0788
0.0519
0.0706
0.0602
0.0612
0.0741
0.0645
0.0749
0.0562
0.064
0.0768
0.0642
0.0515
0.0511
0.069
0.0548
0.0392
0.0584
0.0524
0.0508
0.0719
0.0622
0.0761
0.0652
0.068
0.0556
0.0601
0.0559
0.0506
0.0423
0.0587
0.0712
0.0405
0.0615
0.0651
0.061
0.0674
0.0532
0.0714
0.0706
0.0693
0.0593
0.058
0.0495
0.068
0.0797
0.0504
0.0419
0.059
0.0613
0.0605
0.0651
0.0657
0.0424
0.0826
0.0571
0.0677
0.0562
0.0568
0.0472
0.0522
0.0566
0.0772
0.0619
0.0651
0.0468
0.0566
0.0414
0.0501
0.0699
0.0489
0.0534
0.0668
0.0545
0.0391
0.052
0.0672
0.0553
0.0766
0.0644
0.0551
0.0645
0.0587
0.052
0.0349
0.046
0.0462
0.0537
0.0589
0.0529
0.0663
0.0645
0.0482
0.0583
0.0414
0.0562
0.0569
0.0649
0.0429
0.0563
0.0662
0.0443
0.0674
0.0406
0.0404
0.0452
0.0526
0.063
0.0675
0.0459
0.0559
0.0654
0.0518
0.0715
0.0578
0.0502
0.0866
0.0511
0.0425
0.0604
0.0493
0.0469
0.0505
0.0465
0.0434
0.0729
0.0517
0.053
0.0507
0.0587
0.0547
0.0551
0.0501
0.0434
0.0651
0.0318
0.0483
0.0422
0.0361
0.0402
0.0436
0.0442
0.0471
0.0488
0.0551
0.0658
0.0643
0.0664
0.0452
0.0442
0.0423
0.0388
0.047
0.048
0.0551
0.0505
0.0506
0.0581
0.0657
0.0388
0.0664
0.0432
0.0622
0.0569
0.0462
0.0375
0.0514
0.0768
0.0467
0.0423
0.0661
0.0583
0.0341
0.0453
0.0414
0.0434
0.0455
0.0281
0.0699
0.0438
0.0402
0.0607
0.053
0.0364
0.0458
0.0499
0.0475
0.0497
0.0716
0.0448
0.0659
0.0604
0.0633
0.0512
0.0528
0.0376
0.0449
0.0429
0.0563
0.041
0.0509
0.0601
0.0451
0.0506
0.0512
0.0562
0.0573
0.0562
0.0721
0.0571
0.0483
0.0562
0.0403
0.043
0.056
0.0406
0.0673
0.0459
0.0358
0.0411
0.0423
0.0462
0.0567
0.0462
0.0456
0.0395
0.044
0.0441
0.0419
0.0422
0.0359
0.0293
0.0549
0.0359
0.0693
0.0379
0.0338
0.0409
0.034
0.0357
0.0414
0.0438
0.0551
0.0355
0.0519
0.0553
0.0435
0.0539
0.0412
0.0365
0.0328
0.0548
0.0543
0.0435
0.0446
0.0375
0.0497
0.0596
0.0398
0.0602
0.0357
0.0442
0.038
0.0611
0.0637
0.0628
0.0444
0.0574
0.0271
0.0263
0.0566
0.0553
0.0338
0.0712
0.0414
0.053
0.0401
0.0518
0.0484
0.0337
0.0504
0.0356
0.0433
0.0582
0.0307
0.0476
0.0485
0.0425
0.0443
0.0509
0.0369
0.0318
0.0463
0.0457
0.0505
0.0396
0.0438
0.0406
0.0498
0.05
0.0531
0.0535
0.0555
0.0653
0.0572
0.0384
0.0451
0.0387
0.0379
0.0386
0.0399
0.0359
0.0319
0.0611
0.0325
0.0605
0.0456
0.0317
0.0526
0.0372
0.0362
0.0346
0.0464
0.0413
0.0359
0.0433
0.043
0.0613
0.04
0.0467
0.0459
0.0454
0.0447
0.0491
0.0395
0.0471
0.0346
0.0298
0.0347
0.0498
0.0556
0.0498
0.0322
0.0381
0.055
0.0368
0.0507
0.0577
0.0372
0.0403
0.0565
0.0521
0.033
0.0338
0.046
0.0376
0.0335
0.0402
0.0388
0.029
0.0326
0.0448
0.0471
0.0514
0.0365
0.0292
0.0494
0.0481
0.0401
0.0412
0.046
0.0301
0.0261
0.0291
0.0455
0.0525
0.028
0.0605
0.0273
0.0517
0.0456
0.0324
0.0421
0.0404
0.0348
0.0355
0.0511
0.0393
0.0336
0.0556
0.0574
0.0438
0.0503
0.0338
0.0544
0.0423
0.0465
0.0339
0.0341
0.0281
0.0421
0.0397
0.0347
0.0301
0.0294
0.0283
0.0397
0.0233
0.043
0.035
0.0346
0.0363
0.0444
0.0465
0.0393
0.0423
0.0416
0.0442
0.0501
0.0345
0.037
0.0422
0.0382
0.0381
0.0388
0.0221
0.0406
0.0563
0.0268
0.0596
0.0325
0.0279
0.0447
0.0442
0.0362
0.0435
0.0444
0.0352
0.0472
0.0418
0.0387
0.0298
0.0406
0.03
0.0467
0.0367
0.0341
0.0325
0.0411
0.0446
0.0387
0.0422
0.0417
0.029
0.0382
0.0369
0.0457
0.043
0.036
0.0387
0.0342
0.0392
0.0442
0.0326
0.0559
0.0411
0.0277
0.0246
0.0454
0.0278
0.04
0.028
0.0363
0.0373
0.0586
0.0372
0.0343
0.0234
0.0258
0.0358
0.0281
0.0502
0.0314
0.0284
0.0237
0.0336
0.0346
0.0298
0.041
0.048
0.0372
0.0281
0.0462
0.0309
0.0566
0.0365
0.0369
0.0542
0.0401
0.0588
0.0335
0.0336
0.0257
0.0356
0.0257
0.0461
0.0389
0.0465
0.0296
0.0246
0.0371
0.0276
0.0529
0.0329
0.0388
0.0272
0.0343
0.0348
0.0407
0.0317
0.0382
0.0223
0.0266
0.0317
0.0244
0.031
0.0392
0.0404
0.0371
0.0271
0.033
0.0327
0.0283
0.0374
0.0293
0.0482
0.0349
0.0375
0.0522
0.0367
0.025
0.0385
0.0534
0.0431
0.0307
0.0517
0.0225
0.0299
0.0474
0.0363
0.0454
0.035
0.0409
0.0388
0.022
0.0508
0.0396
0.0234
0.0243
0.0243
0.0535
0.0382
0.0378
0.0405
0.0431
0.0306
0.0443
0.0448
0.033
0.0296
0.0388
0.0316
0.0432
0.0378
0.0317
0.023
0.0245
0.0586
0.0239
0.0245
0.0247
0.0225
0.037
0.0293
0.0215
0.0267
0.0278
0.0284
0.0262
0.0293
0.0351
0.0226
0.0287
0.0207
0.0258
0.0445
0.0459
0.0402
0.0257
0.0312
0.0329
0.0424
0.0292
0.0326
0.028
0.0215
0.0438
0.0277
0.0249
0.0361
0.033
0.0371
0.0416
0.0332
0.0352
0.0262
0.0246
0.0234
0.0374
0.0282
0.0306
0.0414
0.0257
0.0411
0.0375
0.0584
0.0494
0.0352
0.0265
0.0336
0.0325
0.0319
0.0232
0.0461
0.0325
0.0183
0.0265
0.0251
0.0217
0.0327
0.0228
0.0282
0.0276
0.0358
0.0287
0.0213
0.0386
0.0491
0.0251
0.0244
0.0319
0.0293
0.0351
0.0284
0.0251
0.0393
0.046
0.0294
0.0389
0.029
0.0264
0.0279
0.0364
0.0317
0.0283
0.0257
0.0321
0.0369
0.0265
0.0164
0.0314
0.0282
0.0372
0.0214
0.0307
0.0267
0.035
0.0294
0.0238
0.0465
0.0211
0.0355
0.0179
0.0237
0.0408
0.0308
0.0254
0.0457
0.0303
0.02
0.0265
0.0272
0.0275
0.0267
0.033
0.0271
0.0258
0.0317
0.0239
0.0299
0.0208
0.0309
0.0474
0.0266
0.0173
0.0223
0.0309
0.0295
0.0269
0.0385
0.0243
0.026
0.0266
0.0227
0.0303
0.0355
0.0271
0.0304
0.0182
0.0262
0.0174
0.0241
0.0324
0.0277
0.0236
0.0402
0.0341
0.0264
0.0285
0.0241
0.026
0.0325
0.0275
0.0241
0.0389
0.0315
0.0408
0.0346
0.0179
0.0322
0.0249
0.0287
0.0201
0.0266
0.0321
0.0249
0.0201
0.0219
0.0262
0.0263
0.0175
0.0202
0.0261
0.0283
0.0223
0.0346
0.0391
0.0217
0.0302
0.0162
0.0248
0.0235
0.0151
0.0274
0.0256
0.0431
0.022
0.02
0.0205
0.0276
0.0208
0.0224
0.0245
0.0232
0.0246
0.0431
0.0221
0.0333
0.0277
0.0272
0.0305
0.0228
0.0276
0.0283
0.024
0.0208
0.0206
0.0197
0.0291
0.0218
0.0223
0.0331
0.0179
0.0193
0.0246
0.0227
0.0294
0.0228
0.0226
0.0208
0.03
0.0261
0.0152
0.0199
0.0223
0.0194
0.0213
0.0276
0.0379
0.027
0.0203
0.0238
0.025
0.0185
0.0345
0.0173
0.0337
0.02
0.0212
0.0183
0.0209
0.0309
0.0318
0.0293
0.0252
0.0277
0.0205
0.0331
0.0191
0.0201
0.039
0.0193
0.0274
0.0336
0.0212
0.0297
0.0229
0.0225
0.0176
0.0263
0.0345
