0.0908
0.1443
0.1424
0.2174
0.2603
0.2727
0.3099
0.2822
0.3698
0.4448
0.4178
0.4874
0.4524
0.4885
0.4972
0.4959
0.5524
0.5271
0.5573
0.561
0.5685
0.563
0.5552
0.585
0.5857
0.5893
0.6072
0.636
0.6436
0.6397
0.6403
0.6315
0.6375
0.6584
0.6477
0.6558
0.6741
0.6741
0.6815
0.6828
0.7005
0.7103
0.709
0.707
0.7014
0.7132
0.7049
0.7024
0.7045
0.7218
0.7127
0.7275
0.7297
0.7373
0.747
0.7558
0.7594
0.7601
0.7521
0.7542
0.7481
0.7329
0.7406
0.7452
0.745
0.7471
0.7476
0.7445
0.7567
0.749
0.7423
0.744
0.7453
0.7586
0.7584
0.7669
0.7666
0.7648
0.7591
0.7585
0.7675
0.7698
0.7714
0.7702
0.7623
0.7719
0.7649
0.7612
0.7448
0.7644
0.776
0.7667
0.772
0.7733
0.7757
0.7799
0.7799
0.7873
0.7881
0.7832
0.7827
0.7793
0.7766
0.7765
0.7762
0.778
0.7835
0.7846
0.7788
0.7853
0.7797
0.781
0.7806
0.7785
0.7808
0.7824
0.7805
0.7866
0.7905
0.7875
0.7816
0.7809
0.7787
0.7805
0.7832
0.7815
0.776
0.7744
0.7827
0.7871
0.7879
0.7895
0.7829
0.7897
0.7836
0.7882
0.7942
0.7902
0.7905
0.7839
0.7893
0.7944
0.7908
0.7978
0.7957
0.7983
0.8046
0.8034
0.7997
0.7984
0.7974
0.7934
0.7973
0.7982
0.8056
0.8099
0.8099
0.8046
0.7985
0.7976
0.8007
0.7966
0.8014
0.7984
0.8078
0.8132
0.81
0.804
0.805
0.8027
0.7984
0.7944
0.7944
0.7911
0.7968
0.7968
0.7952
0.8001
0.7992
0.7947
0.7892
0.8035
0.8084
0.8051
0.7985
0.8019
0.8045
0.8035
0.8057
0.8083
0.8093
0.8115
0.8015
0.8047
0.8006
0.8037
0.8099
0.8104
0.8053
0.8048
