0.1214
0.1023
0.2407
0.2339
0.1384
0.1541
0.1262
0.1651
0.2411
0.2037
0.2988
0.2678
0.3307
0.3572
0.3951
0.3791
0.4062
0.449
0.4843
0.4848
0.4942
0.5025
0.5104
0.316
0.3544
0.3922
0.2502
0.3084
0.3633
0.3554
0.3527
0.3911
0.4099
0.4397
0.4605
0.4277
0.44
0.4712
0.3857
0.4491
0.4649
0.4853
0.4865
0.4967
0.5149
0.5196
0.522
0.5266
0.5421
0.5667
0.5067
0.5421
0.5254
0.5502
0.5598
0.5676
0.6042
0.604
0.6227
0.6121
0.6003
0.6063
0.6064
0.5948
0.6063
0.6046
0.6127
0.5901
0.6332
0.6359
0.6546
0.576
0.6062
0.6114
0.6096
0.6257
0.6484
0.6374
0.6578
0.6611
0.6191
0.6408
0.6558
0.4242
0.512
0.5255
0.5579
0.5672
0.5776
0.496
0.4968
0.5185
0.542
0.5334
0.5581
0.5654
0.5931
0.603
0.6127
0.6227
