0.1145
0.22
0.216
0.2354
0.2437
0.3582
0.3301
0.3859
0.338
0.4006
0.3815
0.4451
0.439
0.4575
0.4163
0.3961
0.3686
0.4089
0.4158
0.4261
0.4733
0.4853
0.4888
0.1778
0.3616
0.3772
0.4361
0.4273
0.4936
0.5103
0.4937
0.2738
0.3783
0.4504
0.317
0.3572
0.409
0.4291
0.4436
0.4535
0.413
0.4508
0.4714
0.4821
0.4838
0.4994
0.5101
0.5091
0.5336
0.5368
0.547
0.3889
0.3648
0.4403
0.4559
0.4714
0.4833
0.4765
0.4908
0.5073
0.5129
0.5377
0.5267
0.5382
0.507
0.5239
0.5525
0.5387
0.5392
0.5183
0.5399
0.5611
0.5855
0.5811
0.581
0.5502
0.5665
0.5543
0.5297
0.557
0.5662
0.5953
0.5813
0.3595
0.467
0.5168
0.5375
0.5627
0.5637
0.5531
0.578
0.5723
0.5585
0.5757
0.4998
0.5835
0.5912
0.5848
0.5948
0.5989
0.5895
0.5936
0.6065
0.6176
0.6212
0.6127
0.6025
0.6165
0.6222
0.6392
0.6472
0.6388
0.532
0.5585
0.5805
0.603
0.5972
0.6106
0.635
0.6432
0.6434
0.6198
0.6237
0.6374
0.6448
0.5439
0.5805
0.6012
0.6092
0.606
0.6116
0.6036
0.6474
0.6525
0.6257
0.6359
0.5503
0.4806
0.5136
0.5288
0.5517
0.5067
0.5651
0.6024
0.6084
0.6204
0.6341
0.4653
0.4426
0.4864
0.514
0.4977
0.5311
0.5573
0.579
0.595
0.6018
0.6096
0.6151
0.6214
0.5862
0.5922
0.6147
0.5374
0.5676
0.5888
0.615
0.621
0.6344
0.643
0.6492
0.6536
0.657
0.6717
0.6692
0.6816
0.6388
0.6408
0.6571
0.6662
0.6743
0.6808
0.6891
0.6921
0.6953
0.6904
0.6935
0.68
0.6837
0.6889
0.6996
0.6987
0.7006
0.6938
0.6976
0.7081
0.7088
0.7071
0.7154
0.7132
