0.0982
0.1185
0.1927
0.108
0.1806
0.2279
0.1112
0.2065
0.1856
0.2604
0.1025
0.3284
0.2947
0.2767
0.3447
0.418
0.3005
0.3757
0.2942
0.3642
0.3019
0.2919
0.3817
0.4652
0.2858
0.3199
0.4162
0.4126
0.3335
0.4422
0.397
0.497
0.365
0.3739
0.3848
0.4897
0.4064
0.4394
0.4611
0.5764
0.4211
0.4668
0.4459
0.4944
0.4653
0.4425
0.407
0.5376
0.5245
0.5137
0.1447
0.1328
0.1627
0.1918
0.2112
0.2092
0.2374
0.2184
0.1924
0.2271
0.2231
0.2133
0.2174
0.239
0.2963
0.3154
0.3225
0.3333
0.3116
0.3421
0.3042
0.3498
0.3081
0.3091
0.3331
0.343
0.316
0.3518
0.2929
0.3061
0.3107
0.2879
0.2652
0.2993
0.3119
0.3174
0.3289
0.3378
0.1311
0.1523
0.1928
0.1999
0.2114
0.2348
0.2227
0.2407
0.2071
0.2292
0.2389
0.2549
