0.1059
0.0982
0.2063
0.188
0.107
0.3192
0.2094
0.2475
0.3166
0.4001
0.1815
0.3303
0.101
0.2456
0.2413
0.3176
0.2769
0.4018
0.2844
0.3319
0.3709
0.4164
0.3776
0.3981
0.3629
0.1276
0.185
0.2004
0.159
0.2272
0.2561
0.2994
0.1213
0.1739
0.1821
0.1968
0.1687
0.2023
0.2242
0.2283
0.2297
0.2728
0.2261
0.2962
0.3025
0.3421
0.3247
0.3607
0.2133
0.2915
0.2892
0.3181
0.3113
0.3594
0.3636
0.3768
0.3709
0.396
0.3959
0.3647
0.3043
0.3047
0.3366
0.3559
0.3225
0.3691
0.3763
0.4041
0.4093
0.4082
0.3929
0.4177
0.3954
0.422
0.4338
0.4411
0.4409
0.4497
0.1446
0.1462
0.1514
0.1675
0.1813
0.2013
0.1795
0.2016
0.2217
0.2291
0.2647
0.264
0.262
0.2618
0.2687
0.2787
0.2174
0.2671
0.2899
0.2882
0.3075
0.3119
