0.0972
0.0972
0.0972
0.0972
0.0972
0.0982
0.0981
0.1491
0.1626
0.1613
0.164
0.1703
0.167
0.1748
0.1701
0.1704
0.1717
0.1724
0.1823
0.1843
0.1864
0.1919
0.1947
0.205
0.2035
0.1999
0.2059
0.2141
0.2012
0.2143
0.2325
0.2302
0.2209
0.2338
0.2149
0.2351
0.2428
0.238
0.2478
0.2348
0.2484
0.2423
0.2502
0.2614
0.242
0.2462
0.2678
0.2518
0.2517
0.2622
0.2621
0.2847
0.2935
0.2791
0.2678
0.2527
0.2771
0.2689
0.2805
0.3064
0.3061
0.2719
0.2904
0.3018
0.3087
0.2823
0.2928
0.2858
0.2931
0.2934
0.309
0.3058
0.2975
0.3242
0.2944
0.3237
0.3166
0.311
0.3433
0.2969
0.3073
0.3326
0.3065
0.3056
0.321
0.3052
0.336
0.3201
0.3138
0.3362
0.3272
0.3064
0.322
0.3547
0.3303
0.3457
0.3294
0.3299
0.3153
0.3375
0.3117
0.3186
0.3226
0.3143
0.3326
0.3159
0.3471
0.3487
0.3324
0.3273
0.3449
0.305
0.3524
0.3363
0.3355
0.3152
0.3319
0.3084
0.3077
0.3185
0.3636
0.3325
0.3237
0.3241
0.3327
0.3651
0.3148
0.3524
0.3019
0.312
0.3461
0.3112
0.3544
0.3135
0.3503
0.3481
0.3129
0.3319
0.3337
0.3401
0.3375
0.3576
0.3186
0.3126
0.3497
0.3626
0.3463
0.3334
0.3687
0.3498
0.3325
0.3492
0.2981
0.3469
0.3271
0.3283
0.33
0.344
0.3177
0.3359
0.3371
0.3268
0.3462
0.357
0.3409
0.3374
0.3293
0.3631
0.3388
0.354
0.3172
0.3163
0.3136
0.3583
0.3316
0.3639
0.3814
0.362
0.3533
0.3468
0.3555
0.3385
0.3322
0.328
0.3614
0.3666
0.3342
0.3423
0.3649
0.3452
0.345
0.3191
0.3414
0.3563
0.3548
0.3446
0.3499
0.3782
0.3665
0.3463
0.3254
0.3606
0.3431
0.3405
0.3116
0.3026
0.3205
0.3181
0.3438
0.3291
0.3409
0.3074
0.3579
0.3264
0.319
0.3253
0.3673
0.3574
0.3396
0.2995
0.3302
0.3236
0.3291
0.3377
0.3478
0.3501
0.3326
0.3084
0.3594
0.3399
0.3074
0.3394
0.4002
0.3344
0.3392
0.3527
0.3675
0.3731
0.3409
0.3428
0.3046
0.3449
0.3632
0.3143
0.363
0.3584
0.3549
0.3387
0.3329
0.3448
0.3351
0.3672
0.3007
0.3652
0.3506
0.3677
0.2968
0.3549
0.3275
0.3523
0.3646
0.3504
0.3393
0.3177
0.3344
0.3467
0.3232
0.3091
0.3347
0.3644
0.3533
0.3648
0.3448
0.3565
0.3629
0.3322
0.3752
0.3409
0.3644
0.3477
0.3312
0.3319
0.3827
0.3038
0.3749
0.3442
0.3682
0.3639
0.3414
0.3317
0.3341
0.3829
0.3546
0.3567
0.3403
0.3596
0.3652
0.3072
0.3441
0.3299
0.3345
0.3189
0.3456
0.3355
0.3345
0.3105
0.3398
0.3283
0.3475
0.3181
0.3194
0.3165
0.336
0.3375
0.3334
0.3134
0.3343
0.3473
0.3442
0.35
0.3052
0.321
0.3199
0.3512
0.3281
0.3535
0.3405
0.3597
0.3261
0.3266
0.3724
0.354
0.3288
0.3324
0.3538
0.308
0.358
0.349
0.3195
0.3492
0.3583
0.3419
0.373
0.344
0.3609
0.3505
0.3484
0.3397
0.306
0.389
0.3361
0.2993
0.3634
0.3621
0.3549
0.3658
0.36
0.3402
0.3735
0.3159
0.3234
0.3171
0.3641
0.3817
0.3278
0.3372
0.36
0.3483
0.3378
0.2979
0.336
0.3578
0.3171
0.356
0.3331
0.3339
0.323
0.3221
0.3463
0.3177
0.3518
0.3554
0.321
0.355
0.3432
0.3575
0.3446
0.3253
0.3438
0.3142
0.3476
0.3674
0.3813
0.3272
0.3754
0.3782
0.3295
0.3363
0.3314
0.3745
0.3439
0.3213
0.3129
0.3552
0.3438
0.3438
0.3867
0.3899
0.3326
0.3252
0.3634
0.3629
0.3355
0.3406
0.3111
0.3704
0.349
0.3657
0.337
0.3353
0.3644
0.3678
0.3521
0.3343
0.3261
0.3153
0.3428
0.3244
0.3684
0.3117
0.3826
0.3617
0.308
0.3512
0.3446
0.3427
0.3602
0.3599
0.3332
0.3467
0.3639
0.3134
0.3215
0.2842
0.3033
0.3621
0.3506
0.3639
0.3461
0.3267
0.3308
0.3443
0.3566
0.336
0.3411
0.3287
0.3177
0.3205
0.3755
0.3448
0.3639
0.3354
0.328
0.3651
0.3464
0.3182
0.3407
0.3264
0.332
0.3396
0.3434
0.3421
0.3356
0.3607
0.3198
0.353
0.3192
0.3406
0.3739
0.351
0.3472
0.3485
0.3377
0.3317
0.3613
0.3608
0.3372
0.3305
0.3592
0.3367
0.3581
0.3461
0.3471
0.3479
0.3388
0.3376
0.3643
0.3646
0.3468
0.3745
0.3525
0.3706
0.3215
0.3517
0.3456
0.3423
0.3419
0.2837
0.3254
0.3427
0.3385
0.3152
0.3185
0.316
0.3052
0.3726
0.3051
0.361
0.3248
0.3507
0.3516
0.3687
0.3936
0.3327
0.3345
0.3951
0.3264
0.3818
0.3646
0.3587
0.3497
0.3095
0.334
0.3809
0.3472
0.3513
0.3458
0.3297
0.3249
0.3019
0.3244
0.3029
0.3629
0.3885
0.3756
0.3985
0.3531
0.3071
0.3541
0.339
0.3486
0.3472
0.3176
0.3701
0.3276
0.3381
0.3626
0.3214
0.3248
0.3206
0.3394
0.3444
0.3165
0.3231
0.3523
0.3571
0.351
0.3619
0.3296
0.314
0.3394
0.37
0.3239
0.2969
0.3567
0.3475
0.3464
0.3331
0.333
0.3807
0.3628
0.3317
0.3696
0.3476
0.3509
0.3241
0.3809
0.3505
0.3262
0.3795
0.3306
0.3509
0.3355
0.3124
0.3545
0.3744
0.3475
0.3497
0.324
0.3426
0.3343
0.3251
0.3154
0.3415
0.358
0.3696
0.3573
0.3714
0.3311
0.3235
0.3393
0.3327
0.3021
0.3465
0.348
0.3158
0.3022
0.3342
0.3726
0.3176
0.3863
0.3639
0.34
0.3131
0.3404
0.2992
0.3464
0.3374
0.3661
0.36
0.3715
0.4042
0.3171
0.339
0.3299
0.3345
0.3562
0.331
0.3359
0.3538
0.292
0.3916
0.3026
0.3122
0.3859
0.3295
0.339
0.3226
0.355
0.3623
0.3681
0.3739
0.3879
0.3173
0.3528
0.3513
0.3864
0.377
0.3615
0.3491
0.3055
0.3629
0.3236
0.3373
0.3872
0.3322
0.3577
0.3221
0.3414
0.3038
0.3423
0.3647
0.3394
0.3274
0.3158
0.3601
0.347
0.3406
0.349
0.3332
0.3514
0.3856
0.3567
0.3161
0.3433
0.3103
0.3642
0.3825
0.3315
0.3819
0.3341
0.3602
0.3769
0.3082
0.3414
0.2967
0.3724
0.3203
0.3806
0.3542
0.341
0.3706
0.3424
0.3229
0.3353
0.3964
0.3606
0.3698
0.3277
0.3369
0.3762
0.357
0.3519
0.3215
0.3261
0.3251
0.3466
0.3443
0.3417
0.3481
0.3222
0.325
0.324
0.298
0.3315
0.3185
0.3706
0.3818
0.3418
0.3274
0.3566
0.378
0.3107
0.3861
0.3687
0.3357
0.3032
0.3615
0.3759
0.3542
0.3363
0.403
0.3629
0.3712
0.3385
0.3652
0.3433
0.3633
0.3172
0.3419
0.3511
0.3747
0.3308
0.357
0.3733
0.3836
0.3218
0.3655
0.3851
0.3442
0.336
0.3574
0.352
0.3479
0.3879
0.3809
0.333
0.3627
0.3366
0.3688
0.3581
0.3619
0.3107
0.3449
0.3775
0.3111
0.3172
0.3052
0.3651
0.3906
0.3523
0.3237
0.3047
0.3617
0.3638
0.4028
0.3223
0.4012
0.3445
0.3528
0.3967
0.3278
0.3263
0.3548
0.3356
0.3014
0.3163
0.3439
0.3553
0.3518
0.3587
0.3564
0.3142
0.3395
0.3201
0.3851
0.39
0.3362
0.3071
0.3622
0.3587
0.3407
0.3301
0.3222
0.2984
0.3437
0.3394
0.3606
0.3655
0.3943
0.3469
0.366
0.3526
0.4132
0.3124
0.3431
0.3536
0.3463
0.3315
0.3828
0.3778
0.3547
0.3299
0.3372
0.3374
0.3432
0.377
0.3552
0.3704
0.3815
0.3448
0.3718
0.3955
0.3335
0.3524
0.317
0.331
0.3623
0.3505
0.3543
0.3535
0.3347
0.356
0.34
0.305
0.3742
0.363
0.3359
0.316
0.3548
0.3876
0.3615
0.4053
0.3439
0.3355
0.373
0.3386
0.3527
0.3183
0.3751
0.4069
0.3472
0.3541
0.3314
0.3714
0.3225
0.351
0.3256
0.369
0.3434
0.3353
0.3294
0.3817
0.3469
0.362
0.3524
0.3529
0.3488
0.4015
0.3468
0.3572
0.3737
0.3331
0.3765
0.3671
0.3327
0.377
0.3746
0.4258
0.3438
0.3793
0.3194
0.3568
0.4047
0.3538
0.3273
0.3851
0.332
0.3208
0.3551
0.3659
0.3403
0.3747
0.3735
0.3524
0.3657
0.384
0.3851
0.3433
0.372
0.3338
0.3737
0.3882
0.3516
0.3267
0.3375
0.3319
0.3589
0.3536
0.3534
0.3596
0.3152
0.3595
0.3555
0.3542
0.3854
0.3708
0.3944
0.3958
0.354
0.3508
0.3805
0.2993
0.3296
0.3222
0.3308
0.3723
0.3443
0.3343
0.368
0.2979
0.343
0.3474
0.3255
0.3424
0.3563
0.337
0.3282
0.3686
0.3588
0.3347
0.3437
0.3091
0.3389
0.3712
0.345
0.3505
0.3366
0.3755
0.3776
0.365
0.3547
0.3776
0.3705
0.3637
0.3384
0.3128
0.3978
0.3422
0.349
0.3816
0.3723
0.3232
0.4164
0.349
0.4161
0.3834
0.3363
0.3708
0.3741
0.37
0.3633
0.3451
0.3537
0.3782
0.372
0.3922
0.3918
0.3462
0.3009
