2.0907
1.9293
1.99
2.0435
1.7927
1.7321
1.5334
1.5478
1.4209
1.3297
1.4027
1.3169
1.3857
1.3399
1.11
1.41
1.2159
1.1853
1.1297
1.0096
0.9795
1.1738
0.9437
1.1135
1.1501
1.1916
1.0862
0.9955
0.8525
1.1673
1.0185
1.1782
0.8596
1.1326
1.0128
0.8836
0.9886
0.7019
0.6012
1.108
0.9579
0.6323
0.6727
0.7363
0.6826
0.885
0.7624
0.7485
0.7372
0.6408
0.9246
0.8091
0.4998
0.5966
0.7613
0.6325
0.7933
0.7052
0.4754
0.7845
0.794
0.6867
0.7233
0.6938
0.4587
0.6639
0.6253
0.5607
0.7525
0.514
0.6123
0.5011
0.5934
0.6876
0.5511
0.678
0.6233
0.5783
0.5644
0.7706
0.5939
0.6628
0.6426
0.7477
0.5943
0.5109
0.5119
0.4998
0.5853
0.6817
0.4922
0.5807
0.7159
0.4912
0.3415
0.4564
0.3644
0.4191
0.4858
0.4926
