0.1955
0.2571
0.3006
0.3156
0.3602
0.3926
0.3681
0.3739
0.3371
0.3565
0.3758
0.3291
0.3579
0.3973
0.4156
0.3681
0.4505
0.4341
0.4849
0.5328
0.5809
0.622
0.5981
0.58
0.5902
0.5656
0.5726
0.5478
0.6185
0.6241
0.6171
0.6166
0.6239
0.6204
0.6106
0.5908
0.5713
0.5749
0.6387
0.6373
0.649
0.6047
0.6778
0.5923
0.6545
0.5729
0.6438
0.6454
0.6062
0.6824
0.662
0.6941
0.6428
0.6553
0.6696
0.6551
0.6913
0.6804
0.7122
0.7197
0.6952
0.7484
0.7268
0.7328
0.7245
0.752
0.757
0.7276
0.388
0.5109
0.5245
0.6071
0.5654
0.622
0.6191
0.6073
0.6478
0.448
0.5379
0.5729
0.6017
0.6233
0.6359
0.6064
0.6167
0.6605
0.6734
0.6537
0.6764
0.6751
0.5746
0.5944
0.6293
0.594
0.6297
0.656
0.6387
0.6431
0.6424
0.6624
0.6911
0.4888
0.5497
0.5853
0.6234
0.6374
0.6425
0.644
0.6483
0.6657
0.6242
0.629
0.6521
0.5365
0.4846
0.5227
0.4527
0.545
0.5566
0.5816
0.6069
0.6284
0.5942
0.6133
0.4861
0.547
0.5191
0.5803
0.5941
0.6088
0.6216
0.6315
0.6308
0.6293
0.6209
0.6376
0.6545
0.6544
0.6662
0.6779
0.6781
0.665
0.6345
0.663
0.6153
0.6551
0.6637
0.6509
0.6674
0.6953
0.6606
0.676
0.6969
0.6946
0.6925
0.5397
0.6147
0.6564
0.6728
0.6728
0.6668
0.6773
0.6946
0.7064
0.7323
0.7384
0.6201
0.6512
0.6623
0.6781
0.6809
0.5941
0.6374
0.6654
0.6754
0.6749
0.6839
0.6863
0.6799
0.689
0.6721
0.6858
0.6831
0.6929
0.7052
0.6405
0.672
0.6779
0.6848
0.6892
0.6918
0.695
0.6255
0.6487
0.6454
0.651
0.6516
0.6658
0.6531
0.6586
