0.1626
0.1002
0.1935
0.3175
0.1374
0.2615
0.283
0.3649
0.3494
0.2942
0.2163
0.3089
0.346
0.3505
0.4259
0.3284
0.4664
0.4917
0.4915
0.5089
0.5062
0.5215
0.4061
0.4823
0.5271
0.5578
0.5844
0.6234
0.6292
0.6263
0.6105
0.6569
0.6671
0.6484
0.6415
0.6625
0.6528
0.6694
0.6815
0.6956
0.6831
0.7189
0.715
0.7348
0.7386
0.7423
0.7248
0.7138
0.7329
0.7438
0.6256
0.7175
0.7321
0.7247
0.6877
0.7386
0.6453
0.6865
0.7003
0.7084
0.7193
0.705
0.7222
0.7398
0.7394
0.7624
0.7637
0.7727
0.7453
0.768
0.766
0.7585
0.7469
0.7756
0.7985
0.5347
0.6241
0.6192
0.6615
0.6836
0.6961
0.7038
0.7196
0.7245
0.7426
0.7517
0.7213
0.3464
0.3444
0.4255
0.5207
0.5367
0.5583
0.577
0.5732
0.595
0.5779
0.6024
0.6102
0.6256
