3.2781
5.5249
10.9245
6.2648
5.9783
10.0054
13.7572
9.6399
13.0772
9.8098
7.398
8.8766
8.2956
5.4798
8.5854
8.3594
8.3146
9.9994
8.8156
11.7878
9.7424
11.3549
6.5112
6.1227
7.2489
5.0131
2.7692
17.6698
26.6499
6.0638
3.3431
7.0117
8.1779
9.8252
8.3606
9.2227
14.3614
16.8044
11.9694
17.1156
16.1867
11.0152
8.79
13.072
8.9501
6.7546
10.0571
16.3568
16.7201
17.8545
16.586
15.6084
17.1016
16.4998
15.7686
13.9075
13.8118
16.4294
8.6769
7.2464
15.9589
17.6008
14.7627
24.2024
4.8045
11.7919
8.162
11.7905
19.6695
12.1908
12.2089
9.5214
12.2933
11.3594
12.7018
16.82
7.3999
19.3183
19.0749
14.0097
18.2116
16.7139
11.9326
16.5141
11.9057
15.0624
9.9672
12.6429
10.8204
8.5067
15.8011
13.7312
12.1474
12.9379
18.0565
13.3332
11.6008
10.9067
16.2922
13.4796
