0.1982
0.1975
0.1982
0.1983
0.1983
0.1987
0.2075
0.2198
0.2378
0.2404
0.2575
0.2625
0.2738
0.2872
0.302
0.2885
0.3084
0.3017
0.3348
0.3358
0.3416
0.36
0.3631
0.3544
0.3581
0.3766
0.3796
0.4007
0.4073
0.3965
0.4191
0.4252
0.4352
0.4433
0.4549
0.4373
0.4474
0.4453
0.4373
0.4635
0.4893
0.5079
0.4843
0.5175
0.5109
0.4975
0.5092
0.4976
0.5149
0.5012
0.4668
0.5214
0.5139
0.5147
0.5406
0.5065
0.4833
0.5238
0.512
0.5667
0.4883
0.5159
0.5254
0.5741
0.5569
0.545
0.5268
0.5361
0.5396
0.5395
0.5109
0.5568
0.5017
0.4914
0.5521
0.5683
0.5396
0.5807
0.5517
0.5598
0.5106
0.4896
0.5743
0.5342
0.5199
0.5282
0.5904
0.5633
0.5795
0.5463
0.5226
0.5454
0.5176
0.5882
0.5672
0.5898
0.597
0.5538
0.6001
0.5901
0.5239
0.574
0.5723
0.5464
0.5957
0.5701
0.5935
0.5618
0.5727
0.5946
0.5777
0.5665
0.5649
0.593
0.5897
0.5827
0.566
0.6271
0.5556
0.6057
0.5516
0.5891
0.5594
0.5214
0.553
0.6271
0.5832
0.5437
0.5716
0.626
0.6123
0.6193
0.5582
0.5909
0.5662
0.6068
0.6007
0.6268
0.5954
0.6083
0.6035
0.5717
0.5804
0.6077
0.6003
0.5684
0.6305
0.6
0.6057
0.6327
0.5504
0.6562
0.5692
0.6158
0.571
0.5941
0.6313
0.5573
0.5502
0.6009
0.5686
0.5411
0.5815
0.569
0.6212
0.6448
0.609
0.5964
0.5661
0.5855
0.6078
0.5741
0.613
0.6309
0.6033
0.6129
0.555
0.6347
0.6375
0.6444
0.6137
0.626
0.6442
0.6281
0.5681
0.6737
0.6194
0.6737
0.6875
0.5801
0.6076
0.6008
0.6277
0.6155
0.6282
0.6326
0.5934
0.5801
0.6054
0.6023
0.6484
0.6596
0.6129
0.6155
0.6307
0.6336
0.6598
0.6233
0.6408
0.6427
0.6246
0.6498
0.6437
0.6127
0.6241
0.6287
0.6297
0.6547
0.6582
0.6482
0.6532
0.6281
0.5731
0.6213
0.6138
0.5701
0.6447
0.6306
0.6102
0.6529
0.598
0.601
0.6529
0.6083
0.6488
0.6331
0.6271
0.6543
0.5654
0.6329
0.6138
0.6321
0.588
0.6297
0.5916
0.6192
0.5782
0.6275
0.6025
0.6069
0.5972
0.6407
0.6428
0.6549
0.6406
0.6007
0.6393
0.6414
0.6889
0.652
0.6055
0.6345
0.6357
0.6817
0.6464
0.5835
0.6258
0.6271
0.6195
0.619
0.642
0.6194
0.6297
0.6377
0.6102
0.5916
0.6594
0.6559
0.6905
0.6099
0.69
0.625
0.6086
0.5504
0.6299
0.588
0.6192
0.6084
0.5918
0.6911
0.6055
0.5891
0.6419
0.6447
0.6201
0.5903
0.6009
0.6467
0.6362
0.6353
0.6261
0.653
0.6254
0.652
0.6202
0.6514
0.6506
0.6064
0.5682
0.6489
0.6858
0.6343
0.6114
0.5993
0.563
0.6182
0.6761
0.667
0.6573
0.5827
0.579
0.6255
0.6838
0.5783
0.6085
0.5883
0.6085
0.5953
0.6471
0.6543
0.6039
0.6229
0.6321
0.5631
0.641
0.6561
0.5969
0.616
0.6329
0.6809
0.6206
0.6479
0.6758
0.6403
0.5904
0.6476
0.6613
0.6582
0.6406
0.6358
0.63
0.6316
0.6603
0.6505
0.6379
0.6736
0.6683
0.6274
0.5756
0.67
0.6094
0.59
0.5969
0.6813
0.6303
0.5931
0.6362
0.6341
0.5833
0.6077
0.6444
0.6323
0.6424
0.6495
0.6922
0.6733
0.6601
0.634
0.6519
0.6162
0.6578
0.6747
0.6386
0.6105
0.6527
0.6522
0.6297
0.6458
0.6164
0.6582
0.6744
0.6821
0.666
0.6685
0.6457
0.6701
0.5467
0.6703
0.6045
0.694
0.651
0.608
0.6628
0.5928
0.6193
0.6338
0.575
0.6663
0.5995
0.6368
0.6127
0.6313
0.6562
0.6197
0.6451
0.6556
0.6553
0.6838
0.6573
0.6716
0.6718
0.6849
0.6528
0.6818
0.6162
0.6388
0.7031
0.6628
0.6516
0.6238
0.628
0.6113
0.6741
0.6543
0.6637
0.5976
0.6803
0.5721
0.6204
0.6976
0.6323
0.6451
0.6374
0.6575
0.6339
0.5855
0.6378
0.6296
0.6576
0.6444
0.5499
0.6375
0.6686
0.5381
0.6576
0.6278
0.6864
0.6709
0.6669
0.6425
0.6565
0.5685
0.6689
0.6188
0.686
0.6742
0.6553
0.5859
0.672
0.5631
0.6889
0.6336
0.5792
0.6428
0.6696
0.6718
0.6685
0.6215
0.6754
0.7018
0.6791
0.6594
0.6718
0.6044
0.6727
0.6748
0.6881
0.6822
0.6103
0.6886
0.6572
0.6086
0.6414
0.6372
0.6228
0.6806
0.5869
0.6367
0.6321
0.6736
0.6958
0.6571
0.6012
0.6392
0.6407
0.6514
0.6113
0.5942
0.6129
0.7026
0.6631
0.6532
0.6571
0.6979
0.6423
0.6468
0.6352
0.6689
0.6928
0.6879
0.646
0.6739
0.6514
0.5887
0.7104
0.6748
0.662
0.6525
0.6089
0.6791
0.6397
0.6393
0.6292
0.6886
0.6002
0.6682
0.6869
0.673
0.6687
0.6794
0.6758
0.6988
0.5939
0.6218
0.627
0.6829
0.6423
0.6215
0.666
0.6725
0.673
0.5956
0.6924
0.6717
0.6092
0.6995
0.6459
0.618
0.623
0.6572
0.6602
0.5977
0.6121
0.6423
0.6475
0.6815
0.6739
0.6498
0.6067
0.6789
0.6604
0.6537
0.6685
0.6262
0.6656
0.6603
0.5786
0.6067
0.6326
0.651
0.6835
0.6376
0.6096
0.6502
0.6036
0.7135
0.6572
0.6327
0.6599
0.6727
0.6658
0.6903
0.6212
0.6373
0.6899
0.5999
0.6379
0.6407
0.6224
0.6521
0.6518
0.6213
0.6364
0.6029
0.6453
0.665
0.6178
0.6234
0.7131
0.6646
0.6717
0.678
0.6212
0.6643
0.6768
0.661
0.677
0.6805
0.6484
0.6851
0.6715
0.6772
0.6581
0.6706
0.6262
0.6696
0.6979
0.647
0.6885
0.6348
0.6748
0.7063
0.694
0.6648
0.6753
0.7314
0.5999
0.6008
0.645
0.656
0.6905
0.5804
0.646
0.6862
0.6874
0.6283
0.6743
0.7026
0.6476
0.6679
0.7013
0.6665
0.6943
0.6814
0.713
0.6733
0.7017
0.6519
0.6478
0.6227
0.66
0.6659
0.6824
0.6637
0.6932
0.6292
0.6079
0.6639
0.6499
0.6912
0.6582
0.6708
0.6242
0.6898
0.5945
0.6831
0.6886
0.7229
0.6758
0.6327
0.6491
0.6339
0.6374
0.6691
0.6745
0.6686
0.672
0.6645
0.7062
0.6846
0.7159
0.6311
0.6896
0.6839
0.6884
0.641
0.6402
0.6848
0.6835
0.6858
0.6593
0.6627
0.6861
0.6714
0.6563
0.7009
0.6581
0.6481
0.6873
0.6269
0.714
0.692
0.7165
0.6724
0.6781
0.6455
0.6265
0.6877
0.6281
0.6593
0.7221
0.6031
0.6698
0.6678
0.6747
0.704
0.6683
0.6968
0.6553
0.6513
0.5812
0.6314
0.6689
0.6781
0.6769
0.6994
0.6403
0.6683
0.6851
0.609
0.6653
0.6968
0.7096
0.7272
0.6879
0.7077
0.6702
0.7208
0.6828
0.6867
0.6756
0.704
0.6953
0.7241
0.7015
0.6126
0.6995
0.656
0.6757
0.5948
0.5948
0.6813
0.6879
0.7037
0.6542
0.6838
0.6886
0.6873
0.6731
0.6555
0.7179
0.6663
0.645
0.6625
0.6756
0.6346
0.6079
0.6208
0.6688
0.6893
0.7234
0.7034
0.6874
0.6792
0.7277
0.6489
0.6413
0.6837
0.6826
0.6324
0.6593
0.6548
0.6609
0.6582
0.7217
0.6516
0.6719
0.7313
0.6562
0.6906
0.7084
0.7248
0.6827
0.6782
0.6774
0.6721
0.7117
0.6914
0.6754
0.7155
0.7219
0.6943
0.6628
0.6417
0.6717
0.7164
0.6546
0.6803
0.6901
0.7493
0.6657
0.7186
0.6484
0.7079
0.6229
0.7321
0.714
0.6969
0.6911
0.7167
0.7201
0.6847
0.6483
0.7031
0.7276
0.6932
0.6661
0.7187
0.6202
0.6997
0.7092
0.6894
0.6632
0.6635
0.6955
0.6648
0.6843
0.7064
0.6621
0.7032
0.72
0.6699
0.6945
0.6784
0.6892
0.6964
0.6673
0.6859
0.7163
0.6974
0.7021
0.6951
0.671
0.6862
0.6938
0.7185
0.6867
0.6888
0.6485
0.6634
0.6649
0.6562
0.647
0.7299
0.6976
0.7175
0.7096
0.7293
0.6789
0.7166
0.7073
0.7116
0.6827
0.677
0.6696
0.6156
0.6406
0.635
0.7133
0.6871
0.6875
0.6698
0.6446
0.7003
0.6808
0.7036
0.6996
0.72
0.6898
0.7191
0.7296
0.7056
0.6958
0.7293
0.7074
0.6815
0.7364
0.6869
0.6905
0.6943
0.7019
0.6858
0.7214
0.7234
0.7
0.7201
0.6795
0.7083
0.6815
0.6572
0.6089
0.7097
0.7059
0.6362
0.7351
0.7128
0.707
0.6962
0.6461
0.7267
0.7245
0.6952
0.7364
0.6826
0.6752
0.7287
0.7318
0.6908
0.6809
0.6919
0.7239
0.656
0.7275
0.6644
0.7095
0.6875
0.6758
0.7252
0.704
0.7043
0.6918
0.6979
0.7311
0.6787
0.7381
0.6653
0.7117
0.7108
0.7101
0.7057
0.7027
0.7057
0.7041
0.6847
0.6433
0.6568
0.6824
0.6907
0.6805
0.7111
0.7405
0.7007
0.6973
0.6497
0.6975
0.7137
0.7425
0.7097
0.6979
0.7319
0.7129
0.7043
0.7313
0.6987
0.7062
0.731
0.6916
0.7015
0.6554
0.7158
0.6647
0.6318
0.7251
0.677
0.7277
0.7092
0.7174
0.7159
0.7028
0.729
