2.478826951980591
4.915382719039917
8.329288220405578
9.02188744544983
7.065307211875916
8.687253046035767
10.881394410133362
10.172772145271301
9.610216808319091
11.380232524871825
10.18534996509552
10.699875426292419
11.424856615066528
10.311555528640747
10.215551137924194
11.335058784484863
10.737773847579955
11.080048942565918
11.350605154037476
12.239816474914551
13.04034776687622
12.732595825195313
13.176217603683472
14.609785318374634
15.032651662826538
14.811654996871948
17.052998661994934
17.67015495300293
16.210477352142334
16.173978638648986
15.792711639404297
15.88820161819458
15.415314197540283
13.861294651031494
13.382632493972778
13.135337924957275
14.27657356262207
15.889285969734193
13.88779706954956
14.39250545501709
11.61148011572659
16.494220733642578
14.185045909881591
16.99643740653992
15.823590087890626
15.81207447052002
13.747814989089965
13.415061855316162
13.478445196151734
14.626031494140625
17.107393312454224
19.109819221496583
14.675657510757446
16.072269439697266
15.812771987915038
17.357896041870116
17.17922439575195
18.87125539779663
16.53414692878723
14.778357553482056
15.617267417907716
17.209092998504637
15.435442304611206
18.008263683319093
15.279535579681397
12.5499929189682
13.844038581848144
14.811081981658935
19.096734523773193
14.025707483291626
14.604914712905884
15.146897029876708
15.221169567108154
13.868575716018677
14.829668092727662
14.10171160697937
13.201459741592407
16.190802669525148
12.247452199459076
12.536585879325866
14.459481763839722
13.506096339225769
14.648709344863892
15.226686573028564
14.722998714447021
16.36393322944641
13.194209913909436
14.399976968765259
16.779755115509033
17.111344957351683
14.771731996536255
14.38139181137085
16.255923748016357
12.243381480686367
14.339902639389038
13.884301662445068
14.0515527009964
12.710951089859009
15.837298583984374
14.830770921707153
