0.1833598718047142
0.19122213274240493
0.20560310631990433
0.20797173380851747
0.21178344190120696
0.2123606689274311
0.2166699804365635
0.22783638685941696
0.2362659230828285
0.2412221387028694
0.25400079488754274
0.2559016734361649
0.26866042912006377
0.2777567654848099
0.2910031870007515
0.2938694268465042
0.3053542971611023
0.31194267272949217
0.314380969107151
0.3276273876428604
0.3377687081694603
0.3409136086702347
0.35172173380851746
0.3575437903404236
0.3649681493639946
0.3670083612203598
0.37526870518922806
0.3859076425433159
0.3836683928966522
0.39104298800230025
0.39667595326900484
0.4038415625691414
0.4079518288373947
0.4108777865767479
0.4142217367887497
0.42012340426445005
0.42052149772644043
0.4221934646368027
0.425766322016716
0.4291600361466408
0.4378085181117058
0.4401174455881119
0.43893312513828275
0.4505672812461853
0.4488654464483261
0.4455115482211113
0.4480095595121384
0.4506667971611023
0.45539410710334777
0.4580413967370987
0.45085589587688446
0.4673168778419495
0.46476911008358
0.4594446659088135
0.463345929980278
0.4605991214513779
0.46063893735408784
0.4710987240076065
0.4736863046884537
0.47367635667324065
0.48263335824012754
0.48014530539512634
0.4785728394985199
0.4878085255622864
0.48439490497112275
0.4822452276945114
0.4888435542583466
0.4847332924604416
0.49018710255622866
0.4839570105075836
0.49062499701976775
0.4917197436094284
0.4916003167629242
0.5006468892097473
0.4886445075273514
0.5010947406291961
0.4992436319589615
0.49582006633281706
0.5036823242902756
0.49547173380851744
0.48760947287082673
0.4965366244316101
0.4926353424787521
0.487390524148941
0.5020402044057846
0.4944765120744705
0.5182822436094284
0.5055135369300843
0.5128881335258484
0.5097432374954224
0.5042993605136872
0.4955115497112274
0.5074641793966294
0.5117038249969482
0.5052249103784561
0.5136644124984742
0.5168192595243454
0.5059812903404236
0.5132762670516968
0.5092157602310181
0.505503585934639
0.5064191877841949
0.5029558122158051
0.5073646456003189
0.5207404494285583
0.5241142511367798
0.5179737240076066
0.5139132231473923
0.5174960166215896
0.5177149653434754
0.5206110686063766
0.5103005558252335
0.5152965813875199
0.5154458671808243
0.5197651326656342
0.5146994471549988
0.5162221312522888
0.5238554924726486
0.5151273965835571
0.519625797867775
0.5174960196018219
0.5236564457416535
0.5115545421838761
0.5194168031215668
0.5186504781246185
0.5307424396276474
0.5089470475912095
0.5223726034164429
0.5162818431854248
0.5254677534103394
0.5259156078100204
0.5237858295440674
0.5225119411945343
0.5231389343738556
0.5203125
0.5261246085166931
0.513246414065361
0.5286723792552948
0.5197452187538147
0.5223228424787522
0.5257265150547028
0.5150378257036209
0.5178741961717606
0.5266918748617172
0.5330812096595764
0.5261046975851059
0.5341261953115464
0.5247014284133911
0.5333698272705079
0.5306628078222275
0.5181628197431565
0.5339570075273514
0.5149880528450013
0.5333300203084945
0.5365246742963791
0.5302746802568435
0.5309912472963333
0.5234375
0.520232880115509
0.5376791387796402
0.5333300143480301
0.513077226281166
0.5260549306869506
0.5265226840972901
0.5326632112264633
0.5341759592294693
0.5315485715866088
0.5450139343738556
0.5289808869361877
0.5221934705972672
0.5333996891975403
0.5185111492872239
0.5259753137826919
0.5406449019908905
0.5373805701732636
0.5327627450227738
0.524870616197586
0.5284932374954223
0.5341958552598953
0.5393610775470734
0.5244924396276474
0.5350019931793213
0.5333897262811661
0.5377488017082215
0.5393909364938736
0.5354597955942154
0.5385151326656341
0.5519008785486221
0.5379080474376678
0.5227706968784332
0.5322452187538147
0.5284534275531769
0.5327826470136643
0.5277169585227967
0.5371317744255066
0.5248407661914826
0.5436405181884766
0.5188296228647232
0.5321257948875427
0.5229000896215439
0.5375298529863357
0.5408837616443634
0.534245616197586
0.5348029494285583
0.5350517451763153
0.5359574079513549
0.5520999103784561
0.540575236082077
0.5332304835319519
0.5355294644832611
0.5317376554012299
0.5291699856519699
0.5463873475790024
0.5302547842264176
0.5202129811048508
0.5346934705972671
0.532693064212799
0.5448546946048737
0.540555328130722
0.5428941071033477
0.54319266974926
0.5309514343738556
0.5339072436094284
0.533817681670189
0.5404359102249146
0.5466062903404236
0.5283439487218857
0.5221835255622864
0.538903272151947
0.54077427983284
0.5278762012720108
0.5362360656261445
0.5433320105075836
0.5295282661914825
0.5416003197431565
0.5412718921899795
0.5369725316762924
0.5482683151960372
0.5331210255622864
0.5469148069620132
0.5260847926139831
0.5434713363647461
0.5432623386383056
0.529179933667183
0.5400577187538147
0.5449442684650421
0.5376393318176269
0.5459992021322251
0.5394207805395126
0.54274483025074
0.5363256365060807
0.5455115497112274
0.5339868664741516
0.5452826380729675
0.534315288066864
0.5408538937568664
0.5325537383556366
0.5402766644954682
0.5348029464483262
0.5455314576625824
0.5390724420547486
0.5430334359407425
0.5378383725881577
0.5458598673343659
0.5404060453176498
0.5376293748617172
0.5401174336671829
0.5393909275531769
0.5307623386383057
0.5243829727172852
0.541411229968071
0.5368431448936463
0.5394904494285584
0.5413813680410385
0.536554542183876
0.5304936319589615
0.5429339230060577
0.5389132171869278
0.5504279434680939
0.5410728603601456
0.5337082058191299
0.5261942684650421
0.546108677983284
0.5362161666154861
0.5526672005653381
0.5413913249969482
0.5387539833784103
0.5360270708799362
0.5525477677583694
0.5525378078222275
0.5373706251382828
0.555702629685402
0.5377189457416535
0.5483379811048508
0.5460589200258255
0.5471437036991119
0.5356588393449784
0.5354299277067185
0.5411325693130493
0.5425457745790482
0.5382961839437485
0.5494824886322022
0.5473427563905716
0.5319665640592575
0.5398984849452972
0.5490744411945343
0.5336584419012069
0.5336584419012069
0.5434315264225006
0.5536126464605331
0.5568272292613983
0.5333897322416306
0.5435011923313141
0.5441281855106354
0.5340465843677521
0.5518312186002732
0.5459096431732178
0.5465764373540878
0.5511146545410156
0.5363853514194489
0.5412022203207016
0.5478602707386017
0.5559016734361648
0.5347929865121841
0.5448547035455704
0.5495521515607834
0.5456608325242996
0.5480095475912095
0.5479995995759964
0.54081409573555
0.5376890897750854
0.5519008755683898
0.5448746025562287
0.5280055791139603
0.5560410052537919
0.5542396485805512
0.5401174396276474
0.54274483025074
0.5429140150547027
0.5406449049711227
0.5566779464483261
0.544367042183876
0.5517316907644272
0.5456608235836029
0.5445461720228195
0.5376492828130722
0.5460290551185608
0.5476910769939423
0.5438694268465042
0.5583001554012299
0.5446656048297882
0.5471735566854476
0.5534733325242996
0.5498805731534958
0.5556827187538147
0.544556125998497
0.5511942714452743
0.5479398846626282
0.5496218144893646
0.5564789056777955
0.5444665610790252
0.5541301757097244
0.5390724509954452
0.5555632978677749
0.5404159992933273
0.5405752420425415
0.5336584419012069
0.5412519842386245
0.5466759592294693
0.5371417164802551
0.5481190323829651
0.5459096282720566
0.5462181508541107
0.5471039026975631
0.55643909573555
0.5466062933206558
0.5471238106489181
0.5483877509832382
0.5445362329483032
0.5515027821063996
0.553672370314598
0.560201033949852
0.5323148816823959
0.5425159245729446
0.5481190264225007
0.5619028657674789
0.5519406825304032
0.5420183181762696
0.5503284215927124
0.5418889194726944
0.5599422812461853
0.5567973703145981
0.5709693372249603
0.5447054117918014
0.5567078053951263
0.5615545272827148
0.5327826380729676
0.5553742051124573
0.5474721312522888
0.5660031765699387
0.5470242768526077
0.554150077700615
0.543710196018219
0.5521098732948303
0.5282245248556137
0.540525472164154
0.5550457775592804
0.564759150147438
0.5568869471549988
0.5500298529863358
0.5464968144893646
0.5429239630699157
0.557135745882988
0.5386743664741516
0.5439092367887497
0.5717456221580506
0.5502388447523117
0.5679438680410385
0.5458200663328171
0.5588873445987701
0.5549163967370987
0.56819266974926
0.546188297867775
0.5644207924604416
0.5339072436094284
0.5517814517021179
0.5478602677583695
0.5504279524087906
0.5655652850866317
0.5363754063844681
0.5619128227233887
0.5486763566732407
0.5575338363647461
0.5510051727294922
0.5542296975851059
0.5465863823890686
0.5692376583814621
0.5470242828130722
0.5515425950288773
0.5481886953115463
0.5418590754270554
0.5363554954528809
0.5493132978677749
0.5528264224529267
0.5201433181762696
0.5468849509954452
0.5499203860759735
0.5455613017082215
0.5652368694543839
0.5401771515607834
0.5588176816701889
0.5516520708799362
0.5628085225820542
0.5512141764163971
0.5437898129224777
0.5476015090942383
0.5581409275531769
0.5480493634939194
0.5574741244316102
0.5520103454589844
0.5626592338085175
0.5539609849452972
0.5625895678997039
0.5588475286960601
0.5546676009893418
0.5564888507127762
0.5408340007066726
0.5389132142066956
0.5575039803981781
0.5444068521261215
0.5536425173282623
0.5588176757097244
0.5403861463069916
0.5510250806808472
0.5583797723054886
0.5517615437507629
0.551343560218811
0.5390326410531998
0.5559315234422684
0.5783937066793442
0.561554542183876
0.5570461839437485
0.5556727647781372
0.5441381305456161
0.5598726153373719
0.5691580504179001
0.5521596312522888
0.5534534275531768
0.5546078741550445
0.554568076133728
0.5501492857933045
0.5383757919073104
0.5460688680410385
0.5672671169042587
0.5628980904817581
0.5684812963008881
0.5551253914833069
0.5630274653434754
0.5582902044057846
0.5610171169042587
0.5669884592294693
0.5669088393449784
0.542068076133728
0.5619924336671829
0.556906846165657
0.5555433899164199
0.5624800950288773
0.5451035112142563
0.554558128118515
0.5612061977386474
0.5450537443161011
0.5596835106611252
0.5494526237249374
0.5661723703145981
0.5640923589468002
0.5640027910470963
0.5613753974437714
0.5673965066671371
0.5638335913419723
0.5515824049711228
0.5674661666154861
0.5542894095182419
0.5643511116504669
0.5454717367887497
0.5668690234422684
0.5589769184589386
0.5502886176109314
0.5727906048297882
0.5643312007188797
0.5535927593708039
0.5565187126398087
0.5687002450227737
0.5648487150669098
0.5532643288373947
0.5534633755683899
0.5616540610790253
0.569466570019722
0.5686803340911866
0.5735469788312912
0.569695457816124
0.5600517570972443
0.554558128118515
0.5518610566854477
0.5581210196018219
0.5698845475912094
0.5703423589468002
0.5455414056777954
0.5513236463069916
0.5519108235836029
0.5700139254331589
0.5686504781246186
0.5449442565441132
0.5404657691717147
0.5760648936033249
0.5558618694543839
0.555563285946846
0.5707205444574356
0.5604597926139832
0.5598527073860169
0.5565286695957183
0.5475119411945343
0.5481687843799591
0.5530752390623093
0.5500597089529038
0.5571058928966522
0.5798168808221817
0.5711285829544067
0.5653065204620361
0.5579319268465042
0.563405641913414
0.5625398129224777
0.569396898150444
0.5587778747081756
0.5510350316762924
0.5653363853693009
0.5685011923313141
0.5456807404756546
0.5393909275531769
0.5626393288373948
0.5605394154787063
0.5800358206033707
0.5485768288373947
0.5493530988693237
0.5467157632112503
0.5589371055364609
0.5751990467309952
0.5674462586641311
0.5599820852279663
0.560977303981781
0.5712778717279434
0.5542595535516739
0.5821855127811432
0.5500995218753815
0.5558917194604873
0.5745919644832611
0.546048966050148
0.55625
0.5548467367887497
0.5514828860759735
0.5409733206033707
0.5565485715866089
0.5539012789726258
0.5621616125106812
0.5423865407705307
0.5453124940395355
0.5721337586641312
0.564709386229515
0.5673467338085174
0.5703423619270325
0.5634653627872467
0.5614251613616943
0.5714271515607834
0.561066883802414
0.5662420332431793
0.5664211809635162
0.57046177983284
0.5542794615030289
0.5656050980091095
0.5518909186124802
0.5639729261398315
0.5659335106611252
0.5553045451641083
0.5655453860759735
0.5640624970197677
0.5538813650608063
0.5702030241489411
0.575159239768982
0.5635847866535186
0.5669386953115463
0.5612559676170349
0.5740047812461853
0.5584295392036438
0.5732683122158051
0.5665406048297882
0.559583991765976
0.5676751613616944
0.5516918778419495
0.5610668748617172
0.5598228484392166
0.5662320852279663
0.5707702994346618
0.5613156884908677
0.5661225974559784
0.562589579820633
0.5708897292613984
0.556369423866272
0.5797671198844909
0.5773686230182647
0.5748805701732635
0.5631269961595535
0.5727010309696198
0.561007159948349
0.5873208701610565
0.5541998386383057
0.5951930731534958
0.5676751613616944
0.5791003197431565
0.5860469758510589
0.5705215036869049
0.5632464230060578
0.5625597149133682
0.5818471282720565
0.5533937036991119
0.5711982369422912
0.5793491244316101
0.5647094011306762
0.5721237927675247
0.5653164863586426
0.5641520649194718
0.5580513507127762
0.5764828860759735
0.5790903627872467
0.5785131335258484
0.564798966050148
0.5708797812461853
0.5628881394863129
0.5629279524087906
0.571327629685402
0.5640027910470963
0.5555234789848328
0.559822854399681
0.5790008008480072
0.578005576133728
0.5694864630699158
0.5704816788434982
0.567764726281166
0.561574450135231
0.5778065353631974
0.5781747668981552
0.5678741991519928
0.5780254751443863
0.5691281884908677
0.5598427534103394
0.5702328860759736
0.5760449796915055
0.5610071659088135
0.5693570911884308
0.5676353484392166
0.5687300950288773
0.5834992080926895
0.5587679237127304
0.5707603514194488
0.5840764284133911
0.5757066011428833
0.5565784245729446
0.5862161576747894
0.5825935512781143
0.5740147352218627
0.5837480068206787
0.5708300083875656
0.5858877390623093
0.5781847149133682
0.5757066130638122
0.5684713304042817
0.5714570045471191
0.5698745995759964
0.5704717397689819
0.5777965694665909
0.5696357548236847
0.5893212556838989
0.5804836809635162
0.5597432285547257
0.5789112240076065
0.5750398069620133
0.5832703053951264
0.5824044495820999
0.585708612203598
0.5782643407583237
0.5814788997173309
0.5688097059726716
0.5524382948875427
0.5700238794088364
0.5805533528327942
0.5864351034164429
0.5786823242902756
0.584305340051651
0.5667894065380097
0.5746815294027329
0.5854299366474152
0.5804339230060578
0.5584195792675019
0.5639331191778183
0.5863355904817581
0.5825935512781143
0.5863455444574356
0.5666699886322022
0.5708698213100434
0.5968252450227738
0.580324438214302
0.5626592218875885
0.590465760231018
0.5785828083753586
0.5744227707386017
0.5888336002826691
0.5813495278358459
0.576214176416397
0.5727408528327942
0.578095144033432
0.5800457835197449
0.5833499163389206
0.5727906078100204
0.5832603454589844
0.5744426727294922
0.574044582247734
0.5894605934619903
0.5878284245729446
0.5871715813875198
0.5577527910470963
0.5827826380729675
0.5881767511367798
0.5857384622097015
0.5805831968784332
0.5682822406291962
0.5775975376367569
0.5869227677583695
0.5923964977264404
0.5836186289787293
0.5756369471549988
0.5781946659088135
0.5974323332309723
0.5933419585227966
0.5785131424665451
0.5818769872188568
0.5803841561079025
0.5779558151960373
0.5752587646245957
0.5768809676170349
0.5881668031215668
0.5950537413358689
0.5772790521383285
0.5948945045471191
0.5524581968784332
0.5847233265638352
0.5726811319589615
0.5871317714452744
0.5805234849452973
0.5767117857933044
0.5974422723054886
0.5758956968784332
0.5821556568145752
0.5784633755683899
0.5845740467309952
0.5849721282720566
0.5885449767112731
0.5820262759923935
0.5888336002826691
0.588823652267456
0.5744725376367569
0.5854498445987701
0.5801851093769074
0.5843451470136642
0.5940684676170349
0.5805533438920975
0.5889828890562058
0.5919187873601913
0.577478101849556
0.5724522262811661
0.6032643288373947
0.6013335943222046
0.607593548297882
0.5736464947462082
0.5825636953115463
0.5967058181762696
0.5989550203084946
0.5949641674757004
0.5781548500061036
0.5869625717401504
0.5969645619392395
0.5959792912006379
0.5839470505714417
0.6073646545410156
0.590465760231018
0.5944466561079025
0.5782643347978592
0.5917396485805512
0.5892316848039627
0.5669585913419724
0.5854100376367569
0.5705015867948532
0.5933817625045776
0.5925358176231384
0.5901273876428604
0.5819665521383286
0.5928144931793213
0.5986066848039627
0.5921775460243225
0.5835987240076065
0.5877786666154862
0.6013236463069915
0.5863355904817581
0.6110967367887497
0.5830911606550216
0.5977607429027557
0.5738455414772033
0.5919386863708496
0.5854398936033249
0.566679933667183
0.5897790729999542
0.5897193402051926
0.6028463274240494
0.5953821659088134
0.5886843144893646
0.59036625623703
0.5835191071033478
0.5840167254209518
0.5938594728708267
0.590615040063858
0.6034733146429062
0.580961388349533
0.5848726093769073
0.5889132171869278
0.5826930791139603
0.5975816071033477
0.6079020708799362
0.6032145708799362
0.5849621802568435
0.5881269901990891
0.5885549455881118
0.5906548589468003
0.6012440294027328
0.5936803340911865
0.5969944298267365
0.588316085934639
0.5858678311109543
0.5673268288373947
0.5791799426078796
0.5920979261398316
0.5832504063844681
0.5956906735897064
0.5914410829544068
0.6050457864999771
0.5871317744255066
0.5904657632112503
0.5914112240076065
0.5930533468723297
0.6041699856519699
0.6003184735774993
0.6082802474498749
0.6003184765577316
0.5962082028388977
0.5895700722932815
0.6096735656261444
0.6019705444574356
0.5846835255622864
0.5833300143480301
0.5875497609376907
0.5936305701732636
0.5787420362234116
0.5858678370714188
0.5966460973024368
0.6018312156200409
0.5854597955942153
0.5912818402051926
0.614868625998497
0.5940983325242997
0.5990047723054885
0.6021596342325211
0.5948347926139832
0.5912121772766114
0.5985967338085174
0.5870720535516739
0.6191480875015258
0.5896496832370758
0.584414803981781
0.6077826499938965
0.5969048529863358
0.5981687933206559
0.6142615467309952
0.5962778568267822
0.6009952276945114
0.5970840066671371
0.6037221312522888
0.6136245995759964
0.5842356741428375
0.5898387670516968
0.5987858295440673
0.599203822016716
0.6017018318176269
0.6113057315349579
0.6093351900577545
0.6080214977264404
0.5918093085289001
0.5734374970197678
0.5981289833784104
0.58831607401371
0.5956508785486221
0.5974422812461853
0.5932822465896607
0.6010250806808471
0.5954717248678207
0.5893909215927124
0.591232082247734
0.6105294585227966
0.5983479231595993
0.6170282602310181
0.598377788066864
0.5785330444574356
0.6009653598070145
0.6105493664741516
0.6025278627872467
0.6007464110851288
0.5995421975851059
0.5969247579574585
0.5908339947462082
0.5969048589468002
0.5938893318176269
0.5978304147720337
0.6206807315349578
0.6055234938859939
0.6189092367887497
0.5973228454589844
0.6033738136291504
0.5981687873601913
0.5972034245729446
0.6116839200258255
0.6072253167629242
0.6123308122158051
0.6138336002826691
0.6040505558252335
0.5994028657674789
0.5960390061140061
0.604966151714325
0.6080215007066727
0.6037022352218628
0.6010847896337509
0.6230195045471192
0.6099323213100434
0.5876393437385559
0.6020003974437713
0.6118033468723297
0.5987858265638352
0.603951033949852
0.606140524148941
0.6068869441747665
0.611733677983284
0.5972830414772033
0.6015127390623093
0.6168093115091324
0.600756374001503
0.6023188680410385
