0.1956
0.1958
0.2879
0.2817
0.2918
0.2983
0.2991
0.3002
0.3033
0.3025
0.305
0.3055
0.3116
0.3138
0.3297
0.3306
0.3353
0.347
0.3539
0.3468
0.3782
0.378
0.3857
0.4021
0.3965
0.4198
0.4042
0.4284
0.4254
0.42
0.4336
0.4385
0.4443
0.4362
0.4385
0.4591
0.4509
0.464
0.4532
0.4598
0.4646
0.4795
0.4835
0.4961
0.4841
0.4833
0.4608
0.4595
0.4968
0.5008
0.4934
0.4966
0.4895
0.4803
0.4827
0.5105
0.489
0.5096
0.5107
0.5265
0.5096
0.5164
0.5268
0.519
0.5184
0.5182
0.5173
0.5052
0.5081
0.5255
0.5142
0.5203
0.5472
0.5271
0.5162
0.5404
0.5381
0.5304
0.5273
0.5188
0.5306
0.5065
0.5088
0.5205
0.5339
0.524
0.5452
0.5514
0.5382
0.5334
0.5296
0.5365
0.5712
0.5483
0.5348
0.5347
0.5305
0.5504
0.5396
0.5356
0.5087
0.5391
0.5395
0.5266
0.5011
0.5411
0.538
0.5289
0.5267
0.5135
0.5315
0.5369
0.5494
0.5243
0.5455
0.5427
0.5489
0.5329
0.5317
0.5462
0.5317
0.5427
0.5106
0.5397
0.5502
0.5616
0.5439
0.5364
0.5645
0.575
0.5474
0.5416
0.5537
0.5784
0.5435
0.5568
0.5537
0.5581
0.5541
0.5217
0.535
0.5137
0.5651
0.56
0.5544
0.5541
0.5646
0.5505
0.5371
0.5711
0.5315
0.5492
0.5479
0.5436
0.5609
0.5556
0.5646
0.5278
0.5145
0.5743
0.5705
0.5403
0.523
0.5331
0.5403
0.5564
0.5589
0.5503
0.5494
0.5486
0.5313
0.5531
0.5718
0.5709
0.577
0.5412
0.5359
0.567
0.5692
0.5473
0.5575
0.5376
0.5505
0.5373
0.5575
0.5459
0.5671
0.5527
0.5595
0.53
0.5682
0.5527
0.5401
0.5532
0.5769
0.5484
0.5425
0.566
0.5444
0.5385
0.5749
0.557
0.5645
0.5582
0.542
0.566
0.5776
0.591
0.5838
0.5599
0.5658
0.5709
0.5812
0.5341
0.5588
0.5746
0.5299
0.5909
0.5583
0.5529
0.5366
0.5725
0.5556
0.548
0.5689
0.5784
0.5197
0.531
0.5586
0.5731
0.5531
0.5616
0.5528
0.5771
0.5761
0.5588
0.5625
0.5549
0.5696
0.5662
0.5757
0.5941
0.5748
0.5931
0.5527
0.5758
0.5633
0.5858
0.5672
0.5575
0.5423
0.5587
0.5794
0.5836
0.5661
0.5976
0.5536
0.5121
0.5434
0.5671
0.5621
0.5618
0.5639
0.6211
0.5523
0.5488
0.5481
0.5521
0.5746
0.5349
0.5538
0.5516
0.5718
0.5675
0.5792
0.5778
0.5702
0.572
0.5675
0.573
0.5455
0.5753
0.5876
0.5758
0.5763
0.5672
0.5656
0.5398
0.5826
0.5593
0.5733
0.5598
0.5689
0.5856
0.5606
0.5461
0.5539
0.5518
0.5612
0.5485
0.5415
0.5717
0.5693
0.5459
0.5828
0.594
0.5388
0.5755
0.5798
0.5858
0.5791
0.5337
0.5644
0.559
0.5498
0.5895
0.5584
0.5488
0.568
0.555
0.5607
0.5826
0.5722
0.5521
0.586
0.5931
0.5708
0.5586
0.5551
0.5679
0.5657
0.5723
0.6013
0.558
0.5575
0.5602
0.5995
0.5704
0.5926
0.5911
0.5899
0.5513
0.5994
0.5851
0.5358
0.5473
0.5284
0.585
0.5521
0.5995
0.5375
0.5753
0.5432
0.5314
0.5711
0.5376
0.5766
0.5886
0.5576
0.6053
0.5626
0.5978
0.5748
0.5661
0.5776
0.547
0.5566
0.569
0.5657
0.5439
0.5854
0.5923
0.5693
0.5898
0.581
0.6021
0.5899
0.5636
0.5317
0.5921
0.5829
0.5643
0.5702
0.5479
0.5593
0.575
0.5638
0.5351
0.5766
0.5906
0.5531
0.5781
0.5781
0.5938
0.5717
0.5586
0.5628
0.5549
0.5629
0.567
0.5882
0.5459
0.5905
0.5788
0.5421
0.535
0.6149
0.5847
0.5684
0.5289
0.5485
0.5746
0.5545
0.5381
0.556
0.5857
0.5997
0.556
0.5689
0.5895
0.5608
0.5709
0.5647
0.5823
0.5488
0.5636
0.5538
0.5616
0.5967
0.5514
0.5238
0.5635
0.5875
0.5848
0.5917
0.5162
0.5907
0.5981
0.5373
0.5738
0.5812
0.5695
0.5664
0.6086
0.5392
0.5825
0.5595
0.6124
0.5912
0.5886
0.6136
0.5578
0.6026
0.5803
0.5611
0.5812
0.5643
0.5462
0.6165
0.6121
0.6032
0.6286
0.5973
0.5822
0.5803
0.5673
0.5729
0.5482
0.5992
0.5728
0.5335
0.5653
0.5988
0.5579
0.5586
0.575
0.5694
0.5806
0.578
0.5897
0.5731
0.6095
0.5838
0.5622
0.5654
0.5626
0.5892
0.5822
0.5652
0.5749
0.5506
0.526
0.5468
0.5724
0.593
0.6037
0.571
0.5562
0.5923
0.6242
0.5799
0.5844
0.5605
0.5529
0.5889
0.5758
0.5879
0.5255
0.5541
0.61
0.5385
0.5824
0.597
0.5865
0.5378
0.5583
0.5625
0.5992
0.5802
0.5746
0.5779
0.5793
0.5823
0.5795
0.5798
0.5504
0.5902
0.6158
0.5771
0.5863
0.5627
0.6084
0.6011
0.5476
0.5891
0.5714
0.6143
0.5702
0.5966
0.5793
0.5902
0.5714
0.6001
0.5799
0.5774
0.5687
0.5781
0.5814
0.5726
0.588
0.6067
0.5603
0.5495
0.5884
0.555
0.58
0.6075
0.589
0.5734
0.6126
0.5907
0.5665
0.5936
0.5478
0.5828
0.5966
0.5886
0.6021
0.5542
0.5931
0.6008
0.5974
0.5877
0.5768
0.5848
0.5975
0.5561
0.5782
0.5896
0.5634
0.6086
0.5517
0.5937
0.5556
0.5742
0.5422
0.6156
0.5836
0.5937
0.5863
0.5536
0.578
0.5946
0.5891
0.6041
0.5597
0.5726
0.6205
0.5563
0.594
0.5687
0.5761
0.5679
0.5892
0.5563
0.6077
0.5563
0.6065
0.6171
0.6147
0.5865
0.5656
0.5801
0.544
0.5727
0.5751
0.5667
0.5719
0.5972
0.6221
0.5709
0.5791
0.6149
0.6031
0.5696
0.5832
0.5935
0.5725
0.5602
0.5836
0.5837
0.5657
0.6084
0.6012
0.5947
0.5674
0.5775
0.6087
0.5839
0.5877
0.5972
0.5283
0.5655
0.581
0.5594
0.5954
0.6436
0.6062
0.6257
0.5782
0.5608
0.5525
0.6182
0.576
0.6176
0.5657
0.5808
0.5805
0.5855
0.5925
0.6048
0.574
0.5794
0.5913
0.6018
0.5917
0.6086
0.5966
0.5814
0.5977
0.6071
0.5949
0.6104
0.5781
0.6098
0.594
0.5913
0.589
0.6077
0.5963
0.548
0.574
0.6649
0.6175
0.5963
0.5852
0.6112
0.5697
0.5925
0.5981
0.5741
0.5982
0.5769
0.5978
0.5734
0.6169
0.5881
0.6146
0.5775
0.5813
0.5978
0.6046
0.6164
0.5931
0.5786
0.5933
0.6241
0.5553
0.5834
0.5661
0.6177
0.5797
0.5941
0.604
0.5933
0.5903
0.6019
0.5993
0.6003
0.6454
0.5885
0.5904
0.6108
0.6151
0.5821
0.5746
0.6366
0.6282
0.578
0.5759
0.6033
0.6022
0.6032
0.5973
0.5775
0.6023
0.6039
0.612
0.6057
0.6115
0.6001
0.5418
0.6053
0.6335
0.6053
0.621
0.5737
0.6277
0.6187
0.5739
0.6192
0.6061
0.5941
0.6252
0.544
0.5927
0.5697
0.5858
0.5717
0.6108
0.6085
0.6093
0.6037
0.6043
0.6048
0.5898
0.6333
0.5875
0.5851
0.5821
0.5944
0.5847
0.5972
0.6275
0.6014
0.6139
0.6266
0.6281
0.617
0.6261
0.628
0.586
0.6088
0.5885
0.6124
0.5961
0.6321
0.5853
0.6196
0.5962
0.6376
0.5842
0.6228
0.5931
0.5815
0.6191
0.6105
0.6335
0.5891
0.6134
0.5905
0.5818
0.6056
0.5832
0.63
0.6312
0.5901
0.5813
0.6594
0.5944
0.6005
0.631
0.6339
0.6411
0.6275
0.576
0.6091
0.6322
0.6338
0.6477
0.6014
0.5853
0.6473
0.5652
0.5991
0.5866
0.5997
0.6279
0.5946
0.5928
0.6064
0.5856
0.6323
0.5921
0.5825
0.6239
0.544
0.5671
0.6264
0.642
0.5963
0.6427
0.5873
0.6217
0.6484
0.665
0.6199
0.6077
0.6603
0.582
0.622
0.6228
0.6469
0.6088
0.6595
0.6144
0.6006
0.5925
0.6295
0.6301
0.6225
0.5938
0.5955
0.5906
0.5975
0.6379
0.6086
0.6201
0.6194
0.6021
0.629
0.6149
0.603
0.61
0.6197
0.5983
0.6004
0.5946
0.6027
0.6226
0.613
0.6173
0.5803
0.6133
0.593
0.6186
0.6378
0.6158
0.6043
0.62
0.6148
0.6182
0.6688
0.5942
0.5973
0.6028
0.6095
0.6167
0.5647
0.6202
0.5959
0.6317
0.5992
0.5968
0.6067
0.5958
0.6044
0.5937
0.5786
0.6126
0.6121
0.587
0.6055
0.6528
0.6237
0.6061
0.6095
0.6191
0.6155
0.6388
0.5968
0.5954
0.6195
0.6142
0.6268
0.6061
0.6195
0.629
0.6115
0.6202
0.6174
0.616
0.6306
0.5744
0.6283
0.6195
0.6026
0.645
0.6636
0.625
0.5887
0.6069
0.5851
0.6222
0.5624
0.6411
0.6132
0.6157
0.6277
0.6011
0.5951
0.5936
0.6074
0.65
0.6375
0.6395
0.6018
0.586
0.6231
0.639
0.6388
0.6259
0.5897
0.6203
0.6124
0.582
0.6325
0.6496
0.6438
0.6368
0.626
0.6265
0.6337
0.6128
0.6364
0.6436
0.6283
0.6177
0.607
0.6464
0.6167
0.6012
0.6146
0.6139
0.6072
0.6335
0.6299
0.5446
0.6488
0.6099
0.611
0.6436
0.6126
0.6437
0.6556
0.639
0.6431
0.6508
0.6404
0.6113
