1.6188
1.9097
1.8237
1.7084
1.7125
1.6472
1.3665
1.4264
1.1706
1.3224
0.9564
1.3438
0.9094
0.9394
0.9495
0.7369
1.0029
0.7398
1.0221
0.8035
0.6917
0.8529
0.9176
0.9533
0.9211
0.7201
0.8294
0.6636
0.5705
0.7695
0.744
0.6026
0.6854
0.6278
0.5849
0.6592
0.5531
0.6285
0.5613
0.597
0.6634
0.6264
0.5757
0.3928
0.5705
0.451
0.5119
0.4099
0.4863
0.6208
0.4072
0.5064
0.4117
0.4815
0.458
0.5672
0.3913
0.4333
0.4841
0.3735
0.2586
0.3705
0.5193
0.6141
0.3463
0.5917
0.5422
0.3813
0.5959
0.4905
0.3665
0.453
0.3337
0.4673
0.4874
0.4543
0.5022
0.4062
0.4136
0.4433
0.4035
0.3973
0.4219
0.2905
0.3182
0.2746
0.2885
0.2367
0.3057
0.361
0.1774
0.2811
0.2464
0.5992
0.2217
0.3014
0.2855
0.2399
0.4047
0.4423
