0.4991
0.5573
0.587
0.6101
0.6298
0.6507
0.6637
0.6739
0.6829
0.6879
0.693
0.7054
0.7123
0.7198
0.7232
0.7316
0.7367
0.7404
0.7492
0.7525
0.7566
0.7556
0.7607
0.7638
0.7669
0.7685
0.774
0.777
0.7809
0.7803
0.7819
0.783
0.7858
0.7921
0.7983
0.7943
0.8003
0.8019
0.8014
0.8053
0.8054
0.8103
0.8093
0.8135
0.8161
0.8178
0.8143
0.8121
0.8158
0.8151
0.8206
0.8248
0.8207
0.8172
0.8227
0.8266
0.8294
0.8254
0.8256
0.8261
0.8326
0.8334
0.8383
0.8294
0.833
0.8385
0.838
0.8338
0.8351
0.8322
0.8352
0.8331
0.8338
0.8377
0.8362
0.8403
0.8371
0.8412
0.841
0.8388
0.8458
0.8481
0.8485
0.8476
0.8418
0.8426
0.8416
0.8436
0.8397
0.8485
0.8455
0.8462
0.8492
0.8459
0.839
0.8417
0.8498
0.8501
0.8517
0.8537
0.8556
0.8544
0.8474
0.8544
0.8498
0.8488
0.8528
0.8484
0.8504
0.8474
0.8476
0.8556
0.8553
0.8525
0.8528
0.8561
0.857
0.8545
0.86
0.861
0.8592
0.8554
0.8574
0.8584
0.857
0.8554
0.8621
0.8627
0.8628
0.8608
0.8586
0.8586
0.8604
0.8609
0.8613
0.8633
0.8617
0.8587
0.8654
0.8677
0.8606
0.8647
0.8617
0.8629
0.86
0.864
0.8662
0.8663
0.8627
0.8663
0.8623
0.8605
0.8653
0.8622
0.8612
0.867
0.8624
0.8657
0.8659
0.8628
0.8615
0.8644
0.8691
0.8704
0.8696
0.8651
0.8694
0.8686
0.8646
0.8635
0.869
0.8666
0.8675
0.8717
0.8664
0.869
0.8699
0.8691
0.8686
0.8724
0.8688
0.8695
0.871
0.8687
0.8705
0.8699
0.8713
0.8711
0.8678
0.8717
0.874
0.8748
0.8741
0.8696
0.8728
0.8749
0.8685
0.871
0.8746
0.8787
0.8787
0.8729
0.8705
0.8747
0.8739
0.8741
0.8751
0.8757
0.8718
0.8698
0.8712
0.8685
0.872
0.871
0.8773
0.8744
0.8725
0.8702
0.8726
0.8708
0.874
0.875
0.8754
0.8759
0.8753
0.8742
0.8776
0.8784
0.8742
0.8726
0.8769
0.8755
0.8753
0.8775
0.8771
0.8712
0.8724
0.8714
0.8739
0.8757
0.875
0.878
0.8785
0.8809
0.8801
0.8783
0.8787
0.8765
0.8771
0.8748
0.8758
0.8785
0.8836
0.8779
0.879
0.8778
0.8824
0.8814
0.8825
0.8778
0.8757
0.8768
0.8776
0.8806
0.877
0.8747
0.8769
0.8777
0.8806
0.8781
0.8812
0.8832
0.8832
0.8818
0.8823
0.8784
0.8802
0.88
0.8776
0.8752
0.8788
0.877
0.88
0.8792
0.8809
0.8777
0.877
0.8758
0.8804
0.8753
0.8794
0.8754
0.8801
0.8791
0.8815
0.8767
0.8789
0.8824
0.8837
0.8807
0.8822
0.8845
0.8827
0.8804
0.8832
0.8777
0.8801
0.8816
0.8815
0.8867
0.8909
0.886
0.8829
0.8849
0.8878
0.8853
0.8862
0.8848
0.8866
0.8844
0.8828
0.8803
0.8779
0.8806
0.8855
0.8848
0.8813
0.8836
0.8849
0.882
0.8822
0.8848
0.8871
0.8884
0.885
0.8856
0.8814
0.8845
0.8883
0.8834
0.8807
0.8854
0.883
0.8847
0.8876
0.8834
0.882
0.8805
0.8885
0.8861
0.8857
0.8841
0.8826
0.8873
0.8852
0.8857
0.886
0.8816
0.8875
0.8824
0.8868
0.887
0.883
0.8837
0.8823
0.8803
0.8924
0.8897
0.8864
0.8898
0.8876
0.881
0.8834
0.8841
0.8849
0.8851
0.8828
0.8897
0.8888
0.8918
0.8912
0.8937
0.8918
0.8895
0.8841
0.8878
0.8896
0.8944
0.8867
0.888
0.8916
0.8887
0.8861
0.8861
0.8874
0.8856
0.8866
0.8883
0.8897
0.8852
0.8908
0.8946
0.8906
0.889
0.8935
0.8913
0.8908
0.8862
0.8906
0.8944
0.8865
0.8933
0.8917
0.8908
0.8897
0.8917
0.8899
0.8934
0.893
0.8912
0.8894
0.8918
0.89
0.8867
0.8868
0.8885
0.8919
0.8938
0.8963
0.8967
0.8934
0.8929
0.8935
0.8944
0.8916
0.893
0.8873
0.8914
0.8948
0.8839
0.8897
0.8904
0.8969
0.8972
0.8935
0.8915
0.8931
0.895
0.8902
0.8908
0.8947
0.8937
0.8922
0.8909
0.8916
0.8952
0.8911
0.8895
0.8906
0.8846
0.8881
0.8959
0.8952
0.8938
0.8922
0.8987
0.8907
0.893
0.8919
0.8915
0.8948
0.8931
0.8927
0.8923
0.8891
0.8919
0.8966
0.8975
0.8947
0.8989
0.8994
0.8937
0.8923
0.8971
0.8956
0.8969
0.8933
0.8954
0.8912
0.8912
0.8939
0.8955
0.895
0.8944
0.8961
0.8971
0.8958
0.898
0.8949
0.8963
0.8959
0.8926
0.8938
0.8941
0.894
0.8921
0.8942
0.8977
0.8974
0.894
0.8936
0.8933
0.8962
0.8985
0.9004
0.8948
0.8968
0.8922
0.8972
0.8931
0.8957
0.8963
0.8974
0.8946
0.8931
0.8934
0.8956
0.895
0.8938
0.8961
0.8978
0.8984
0.8933
0.8937
0.897
0.8985
0.8948
0.8967
0.8958
0.8991
0.8962
0.8999
0.8984
0.8957
0.8982
0.896
0.8968
0.901
0.8988
0.9006
0.8999
0.8955
0.8978
0.8985
0.8983
0.8976
0.8987
0.9024
0.9026
0.9007
0.9004
0.9007
0.9019
0.8992
0.9026
0.8977
0.9021
0.896
0.899
0.8982
0.905
0.8963
0.8971
0.9014
0.903
0.9007
0.8994
0.9034
0.9016
0.8996
0.8994
0.9006
0.8996
0.9035
0.9045
0.9046
0.9032
0.9008
0.9024
0.9032
0.9023
0.8995
0.8989
0.9005
0.9016
0.8998
0.8992
0.8958
0.8989
0.9026
0.9066
0.9006
0.8991
0.904
0.8993
0.8994
0.9001
0.9016
0.9015
0.9059
0.9023
0.9015
0.9016
0.9017
0.9024
0.9035
0.9033
0.9011
0.902
0.9025
0.9031
0.8972
0.9003
0.9023
0.9017
0.9023
0.9022
0.9026
0.901
0.9029
0.9048
0.9005
0.9034
0.9002
0.9027
0.9025
0.9035
0.9024
0.9028
0.9005
0.9016
0.9024
0.8997
0.9028
0.9
0.9019
0.8987
0.9008
0.9052
0.9039
0.8997
0.9009
0.8997
0.9023
0.9022
0.9022
0.9027
0.9045
0.9045
0.9077
0.9054
0.905
0.9029
0.9014
0.8954
0.903
0.9025
0.9051
0.9027
0.9021
0.9039
0.903
0.9004
0.9042
0.9037
0.9029
0.9044
0.9045
0.9028
0.9041
0.9069
0.9041
0.9061
0.9056
0.9042
0.9021
0.9059
0.9076
0.9036
0.9015
0.9037
0.9059
0.9082
0.9047
0.9041
0.9052
0.9051
0.9049
0.9052
0.9089
0.9041
0.9052
0.9088
0.9061
0.905
0.9068
0.9079
0.906
0.9037
0.9043
0.905
0.9062
0.907
0.9031
0.8978
0.9075
0.9092
0.9076
0.9077
0.9065
0.9072
0.9098
0.9074
0.9085
0.9046
0.9052
0.9064
0.9076
0.9059
0.9093
0.91
0.9065
0.9069
0.906
0.9044
0.9085
0.9089
0.907
0.9106
0.9074
0.9084
0.9048
0.9047
0.9005
0.9061
0.9074
0.9076
0.9064
0.9077
0.9101
0.9073
0.9064
0.9086
0.9058
0.9029
0.9074
0.9074
0.9071
0.9081
0.9088
0.9071
0.9053
0.9069
0.9074
0.9055
0.906
0.9054
0.9046
0.9113
0.9103
0.9093
0.9109
0.9059
0.9092
0.9081
0.9128
0.9138
0.9093
0.9085
0.9086
0.9094
0.9072
0.9127
0.9092
0.9082
0.9076
0.9075
0.9067
0.9113
0.9114
0.9014
0.9032
0.9124
0.9112
0.9137
0.9123
0.9119
0.911
0.9117
0.911
0.9074
0.9094
0.9129
0.9128
0.9107
0.9118
0.9063
0.9134
0.9125
0.9103
0.9098
0.9108
0.9081
0.9082
0.9097
0.9127
0.9121
0.9096
0.9125
0.9122
0.9104
0.9084
0.9109
0.911
0.9151
0.9062
0.9136
0.912
0.9143
0.9115
0.9063
0.9111
0.9137
0.9095
0.9118
0.914
0.9138
0.9111
0.91
0.9121
0.9136
0.9088
0.9126
0.9122
0.9105
0.9122
0.9105
0.9119
0.9131
0.9124
0.9117
0.9152
0.9131
0.9141
0.9137
0.9118
0.911
0.9149
0.9169
0.912
0.9124
0.914
0.9125
0.9146
0.9184
0.9118
0.9107
0.9113
0.9128
0.9143
0.9152
0.9159
0.9178
0.9125
0.9127
0.9129
0.9141
0.913
0.9138
0.9143
0.9142
0.9127
0.9151
0.9156
0.9127
0.9122
0.9141
0.9164
0.9137
0.9133
0.9111
0.9124
0.9142
0.9139
0.9135
0.9127
0.9153
0.9176
0.9145
0.9149
0.9109
0.9175
0.9127
0.913
0.9162
0.9137
0.9116
0.916
0.9148
0.9127
0.9164
0.9143
0.9148
0.9145
0.9149
0.9146
0.9136
0.9167
0.9167
0.9178
0.918
0.9152
0.9126
0.9201
0.9182
0.9133
0.921
0.9185
0.9195
0.9162
0.9122
0.9165
0.9163
0.9172
0.9175
0.9172
0.9143
0.912
0.9163
0.9172
0.9185
0.9147
0.9174
0.9198
0.9169
0.9172
0.9169
0.918
0.9159
0.913
0.9138
0.9187
0.9181
0.9173
0.9132
0.9114
0.9162
0.9155
0.9206
0.9147
0.9191
0.9185
0.9167
0.9192
0.9187
0.9191
0.9213
0.9187
0.9173
0.9172
0.9178
0.9168
0.9144
0.9142
0.9184
0.9191
0.9153
0.9119
0.918
0.9172
0.9169
0.9172
0.917
0.9142
0.9149
0.9146
0.9172
0.9182
0.9176
0.9172
0.9197
0.9182
0.9183
0.9208
0.9188
0.9196
0.9167
0.9196
0.921
0.9173
