0.1808
0.2373
0.1947
0.2797
0.2411
0.302
0.3291
0.3654
0.3845
0.3807
0.3807
0.4142
0.4261
0.3995
0.4345
0.4377
0.4513
0.4506
0.4461
0.4526
0.4642
0.4688
0.4805
0.4746
0.4824
0.4882
0.4896
0.49
0.4906
0.4906
0.4966
0.4999
0.5108
0.5203
0.5167
0.5313
0.5298
0.5303
0.5545
0.5574
0.5467
0.5372
0.5375
0.5503
0.5493
0.5533
0.5589
0.5666
0.5585
0.5654
0.5785
0.5741
0.571
0.5666
0.578
0.5863
0.5911
0.5971
0.592
0.5949
0.591
0.6103
0.6175
0.618
0.6152
0.6157
0.6214
0.6331
0.6279
0.6251
0.621
0.6113
0.6106
0.6238
0.632
0.6475
0.6592
0.6416
0.6396
0.6409
0.6388
0.6564
0.6436
0.6507
0.6597
0.6712
0.6748
0.679
0.677
0.6842
0.6824
0.6832
0.6846
0.6755
0.6794
0.6809
0.6892
0.6937
0.6902
0.6862
