1.6848
1.1041
0.6848
0.4629
0.5672
0.4356
0.3392
0.306
0.2413
0.3163
0.2376
0.1863
0.1978
0.2
0.2196
0.1969
0.1831
0.171
0.2293
0.1534
0.1809
0.1697
0.1724
0.1412
0.1615
0.165
0.1312
0.1669
0.1518
0.1535
0.1422
0.1224
0.1465
0.1162
0.1187
0.1513
0.1239
0.1252
0.1397
0.1126
0.1151
0.0999
0.1028
0.1253
0.126
0.1207
0.1024
0.1187
0.1129
0.1295
0.1268
0.1071
0.1063
0.1035
0.1055
0.1294
0.1289
0.1141
0.1101
0.1012
0.0882
0.1254
0.1321
0.1052
0.0783
0.109
0.0961
0.0902
0.0901
0.0998
0.0937
0.0989
0.0856
0.0814
0.123
0.0945
0.0864
0.0995
0.0842
0.1159
0.1
0.0829
0.1006
0.096
0.09
0.1032
0.0759
0.0828
0.0837
0.0805
0.0717
0.1018
0.0794
0.073
0.1107
0.0679
0.0658
0.0854
0.1051
0.0681
