0.2121
0.2119
0.212
0.2122
0.2123
0.2123
0.2122
0.2131
0.2144
0.2163
0.2256
0.224
0.2367
0.2502
0.2533
0.2775
0.2625
0.3017
0.2661
0.3027
0.3444
0.3213
0.3491
0.3545
0.381
0.3655
0.3792
0.3904
0.3908
0.3852
0.3976
0.4182
0.4103
0.4452
0.4391
0.4319
0.4515
0.4174
0.4691
0.4813
0.4643
0.4502
0.4718
0.4539
0.4726
0.471
0.4853
0.4801
0.4756
0.4738
0.493
0.4789
0.4771
0.4587
0.5012
0.4769
0.468
0.482
0.5151
0.485
0.5379
0.4943
0.5037
0.5221
0.5035
0.4916
0.534
0.5097
0.5286
0.5195
0.5384
0.5336
0.5138
0.5716
0.4858
0.519
0.5293
0.5636
0.5176
0.4909
0.5222
0.5334
0.5251
0.4832
0.5245
0.5128
0.5151
0.5327
0.5209
0.528
0.5391
0.5033
0.5437
0.519
0.5158
0.5141
0.5256
0.5212
0.5267
0.5088
0.5425
0.5125
0.5
0.5403
0.5611
0.5503
0.5203
0.5548
0.5306
0.551
0.5111
0.5371
0.5416
0.5722
0.585
0.5394
0.5404
0.5535
0.5643
0.5691
0.5396
0.5347
0.5779
0.5535
0.5518
0.5339
0.4981
0.5627
0.5353
0.5141
0.5695
0.544
0.5703
0.5317
0.5172
0.5675
0.5492
0.5588
0.506
0.5372
0.5632
0.5601
0.5468
0.5679
0.5651
0.5387
0.5553
0.5665
0.5577
0.5525
0.5615
0.5529
0.5466
0.5407
0.5675
0.5261
0.564
0.5952
0.5843
0.5714
0.5745
0.5312
0.5448
0.5629
0.5715
0.574
0.5599
0.5307
0.5787
0.4995
0.5383
0.5512
0.5742
0.5694
0.5554
0.5598
0.5528
0.5207
0.602
0.5792
0.544
0.49
0.5656
0.5482
0.5741
0.5419
0.5654
0.5869
0.5384
0.5973
0.5494
0.5593
0.5616
0.5395
0.5846
0.51
0.5585
0.5391
0.5321
0.587
0.5447
0.5599
0.5729
0.5531
0.5886
0.5886
0.5746
0.5434
0.5308
0.5514
0.558
0.4924
0.6071
0.5868
0.5482
0.5737
0.5475
0.5841
0.5406
0.5784
0.5917
0.5206
0.5729
0.5626
0.5927
0.5926
0.5719
0.532
0.5698
0.5634
0.579
0.5783
0.5388
0.5651
0.58
0.5698
0.5662
0.5693
0.5961
0.5758
0.5726
0.5636
0.5338
0.5435
0.5723
0.5846
0.5445
0.5517
0.5723
0.5497
0.5727
0.6129
0.5559
0.5571
0.5515
0.5946
0.5603
0.5659
0.5854
0.5828
0.5774
0.5957
0.5759
0.5809
0.5604
0.5661
0.5795
0.5833
0.5813
0.5884
0.5833
0.5563
0.5607
0.5346
0.5497
0.5551
0.576
0.5861
0.5779
0.5801
0.5812
0.5125
0.5808
0.565
0.567
0.5846
0.5767
0.5655
0.59
0.557
0.5472
0.5885
0.5301
0.5625
0.5755
0.5596
0.5832
0.5834
0.5875
0.5742
0.5925
0.5888
0.5802
0.5427
0.5816
0.5545
0.5636
0.5913
0.5742
0.5811
0.6124
0.5482
0.5466
0.564
0.573
0.5848
0.6023
0.5993
0.6161
0.5814
0.5773
0.5602
0.6049
0.5946
0.5768
0.597
0.5864
0.5784
0.6039
0.5881
0.5713
0.5858
0.5688
0.5717
0.5764
0.6016
0.5615
0.5745
0.5856
0.6055
0.5938
0.583
0.5988
0.5818
0.6076
0.5826
0.6151
0.5695
0.5634
0.57
0.566
0.6004
0.5983
0.5956
0.5689
0.5529
0.5877
0.5781
0.5439
0.6329
0.5837
0.5854
0.5822
0.5711
0.5822
0.6052
0.5525
0.5635
0.6042
0.5668
0.5911
0.5909
0.5961
0.586
0.5486
0.5573
0.605
0.5745
0.5764
0.5352
0.5685
0.6155
0.5707
0.5688
0.6072
0.5898
0.5593
0.6078
0.5592
0.6022
0.5581
0.5808
0.5689
0.6012
0.5742
0.5953
0.5817
0.6038
0.5673
0.6009
0.5793
0.5891
0.5788
0.566
0.5479
0.519
0.5808
0.5574
0.6156
0.5488
0.5501
0.5396
0.5811
0.5892
0.5776
0.594
0.6045
0.5925
0.5722
0.606
0.6063
0.6137
0.5908
0.5813
0.5733
0.6112
0.5769
0.5679
0.5739
0.6031
0.6219
0.5795
0.5429
0.6064
0.5889
0.5863
0.6034
0.5725
0.5902
0.5453
0.5962
0.5922
0.5426
0.5817
0.5679
0.609
0.5338
0.5596
0.6189
0.5851
0.6047
0.5897
0.5879
0.5703
0.5521
0.5954
0.5669
0.5998
0.6198
0.5661
0.6432
0.6039
0.6045
0.583
0.5465
0.5678
0.6015
0.592
0.6079
0.5826
0.6008
0.6208
0.6025
0.5988
0.6125
0.5586
0.5941
0.5949
0.587
0.5759
0.6208
0.5975
0.6063
0.5841
0.5823
0.6183
0.5727
0.5948
0.5817
0.5521
0.5883
0.5522
0.5714
0.6053
0.5901
0.6359
0.5899
0.6049
0.6437
0.5906
0.5975
0.6048
0.5886
0.6157
0.5777
0.5998
0.6015
0.6109
0.6033
0.5763
0.5447
0.6262
0.5808
0.5845
0.5661
0.6302
0.6028
0.5533
0.585
0.5802
0.6261
0.6184
0.5874
0.5928
0.5817
0.6383
0.6125
0.6009
0.6011
0.5791
0.5873
0.5988
0.5897
0.595
0.5787
0.5905
0.6561
0.6165
0.6073
0.6138
0.6228
0.5624
0.5949
0.5731
0.6102
0.6299
0.5688
0.5335
0.6105
0.5387
0.5765
0.5978
0.5688
0.6107
0.5738
0.6228
0.5653
0.6202
0.5876
0.5833
0.6059
0.5785
0.6015
0.601
0.5573
0.621
0.6026
0.6051
0.5947
0.6079
0.587
0.5995
0.5806
0.6246
0.582
0.5658
0.5972
0.5571
0.5539
0.5972
0.6273
0.5777
0.6073
0.578
0.6017
0.6038
0.5911
0.5718
0.5524
0.5967
0.5605
0.6125
0.6126
0.5974
0.6255
0.6056
0.6216
0.5928
0.5756
0.5455
0.5675
0.5988
0.6297
0.5421
0.5634
0.6109
0.6131
0.6295
0.5993
0.5872
0.5996
0.598
0.5983
0.5967
0.5964
0.6243
0.575
0.6306
0.5916
0.6121
0.6188
0.5761
0.5467
0.5903
0.6118
0.6066
0.6159
0.5776
0.6182
0.5947
0.5463
0.5971
0.5899
0.5938
0.6048
0.5727
0.6035
0.6097
0.5924
0.5973
0.5901
0.5762
0.6187
0.6054
0.61
0.5624
0.5176
0.6157
0.5828
0.5446
0.5994
0.5496
0.6279
0.5578
0.6274
0.6152
0.586
0.5975
0.5823
0.5834
0.5935
0.5706
0.5569
0.5631
0.5961
0.5891
0.6396
0.5844
0.6191
0.6199
0.5974
0.583
0.6336
0.5703
0.6327
0.6075
0.605
0.6239
0.6091
0.5689
0.5836
0.6316
0.6054
0.6318
0.582
0.608
0.5705
0.5896
0.589
0.6377
0.5893
0.6101
0.61
0.5817
0.6452
0.5861
0.6383
0.5975
0.6113
0.6313
0.5864
0.6267
0.5938
0.5777
0.6297
0.5826
0.6091
0.602
0.6522
0.6189
0.585
0.583
0.5933
0.6228
0.6399
0.6172
0.6144
0.6062
0.6285
0.6344
0.6264
0.6138
0.6177
0.6015
0.6344
0.5838
0.6162
0.5667
0.5928
0.6346
0.6043
0.6049
0.6203
0.6106
0.6302
0.6045
0.5991
0.6424
0.6034
0.6284
0.5482
0.5778
0.6156
0.6299
0.5946
0.6138
0.5987
0.6234
0.6306
0.5938
0.6011
0.6144
0.5838
0.6217
0.5745
0.594
0.6038
0.6019
0.6178
0.6011
0.5997
0.6404
0.6096
0.6112
0.6354
0.621
0.6378
0.5816
0.6036
0.6221
0.6102
0.5839
0.5714
0.6126
0.5986
0.6651
0.6295
0.6196
0.566
0.6165
0.6438
0.5885
0.644
0.6195
0.607
0.6201
0.5899
0.6098
0.6202
0.6215
0.6013
0.5347
0.5938
0.5978
0.6189
0.6198
0.6187
0.6167
0.6181
0.6102
0.5913
0.6099
0.6298
0.6468
0.557
0.6264
0.6621
0.6413
0.6006
0.6094
0.6068
0.5886
0.6131
0.5958
0.6459
0.589
0.5988
0.6302
0.6123
0.6254
0.5978
0.64
0.6243
0.5901
0.6244
0.6352
0.6174
0.6558
0.629
0.5753
0.6799
0.6602
0.6421
0.6424
0.622
0.5968
0.5659
0.6158
0.5685
0.6252
0.6
0.5944
0.6105
0.6082
0.6096
0.6348
0.6261
0.6024
0.6549
0.623
0.6619
0.5883
0.5952
0.5638
0.6191
0.6092
0.5658
0.6183
0.5838
0.6177
0.5735
0.5642
0.6383
0.5841
0.6587
0.6333
0.6058
0.6021
0.6355
0.6228
0.6157
0.5972
0.6438
0.6185
0.6423
0.6502
0.5927
0.5606
0.647
0.6475
0.6202
0.6141
0.6172
0.5737
0.5996
0.6306
0.6277
0.6067
0.6205
0.6416
0.6237
0.5955
0.6354
0.6559
0.6129
0.6468
0.623
0.6419
0.6237
0.6574
0.6214
0.6575
0.6428
0.5833
0.5657
0.6209
0.6146
0.5976
0.6225
0.6073
0.6572
0.6098
0.656
0.6482
0.6254
0.6094
0.6428
0.5958
0.597
0.6079
0.6487
0.6472
0.6219
0.6483
0.6222
0.611
0.6378
0.5966
0.6079
0.6423
0.6217
0.6577
0.6703
0.6008
0.6001
0.6107
0.6059
0.6626
0.6416
0.6174
0.6672
0.6555
0.5679
0.6204
0.6294
0.6149
0.6104
0.6109
0.6431
0.6007
0.5914
0.6235
0.6402
0.6241
0.6337
0.6625
0.5706
0.6417
0.669
0.6174
0.628
0.6267
0.6012
0.6192
0.6626
0.6343
0.5955
0.6433
0.5976
0.665
0.6297
0.6315
0.6354
0.6458
0.6261
0.6292
0.6276
0.6467
0.5977
0.6337
0.6157
0.5923
0.6469
0.6576
0.6419
0.6925
0.6322
0.6217
0.6359
0.6319
0.6333
0.6326
0.6454
0.6156
0.6119
0.6134
0.5893
0.6197
0.6271
0.6539
