2.9036
2.2915
2.0687
1.9302
1.756
1.9811
1.9556
1.7861
2.0293
1.6644
1.5856
1.3397
1.3323
1.2485
1.2447
1.1574
1.2707
1.0653
1.2537
1.1432
1.2061
1.1492
1.1899
1.3302
0.9026
0.8585
0.9767
0.8914
1.025
0.9377
1.106
0.7212
0.7792
0.5482
0.734
0.7914
0.9208
0.828
0.7085
0.5764
0.8053
0.7734
0.9211
0.8473
0.8605
0.7952
0.8597
0.8234
0.7326
0.9707
0.7858
0.8296
0.6616
0.7522
0.5813
0.5917
0.4902
0.65
0.7013
1.1166
0.7422
0.4849
0.6181
0.709
0.8467
0.6173
0.5185
0.5577
0.5053
0.6039
0.5823
0.6157
0.7232
0.619
0.6602
0.4973
0.4155
0.5407
0.3741
0.5634
0.5183
0.8308
0.5042
0.4013
0.3726
0.4366
0.5552
0.6505
0.4938
0.4561
0.3644
0.4566
0.4189
0.5865
0.5982
0.2928
0.3181
0.3768
0.4639
0.5149
