0.2064
0.2075
0.2079
0.2075
0.2075
0.2079
0.2376
0.2414
0.2517
0.2598
0.2815
0.2723
0.2969
0.2983
0.3022
0.3077
0.3264
0.3491
0.3536
0.3626
0.3747
0.3789
0.3919
0.4023
0.4187
0.4293
0.4539
0.4441
0.4562
0.4675
0.4902
0.4683
0.4897
0.4969
0.4988
0.4935
0.5025
0.5312
0.5138
0.5164
0.5317
0.5358
0.5038
0.5498
0.5546
0.5612
0.5633
0.5408
0.5662
0.577
0.5649
0.5731
0.5608
0.5736
0.5801
0.5673
0.5741
0.56
0.5547
0.5764
0.576
0.6085
0.5913
0.5901
0.5605
0.5646
0.5696
0.6081
0.585
0.5971
0.598
0.6062
0.5928
0.6096
0.6177
0.6106
0.6138
0.5722
0.6135
0.5972
0.5835
0.5986
0.6054
0.5802
0.6101
0.6238
0.6359
0.6252
0.6273
0.6404
0.6243
0.637
0.6133
0.5966
0.6096
0.6261
0.6269
0.6136
0.6226
0.6346
0.632
0.6291
0.6052
0.6373
0.6257
0.6346
0.6348
0.5918
0.6318
0.6163
0.6437
0.6176
0.6084
0.6296
0.6182
0.6069
0.6402
0.6406
0.6139
0.6308
0.6311
0.6067
0.6116
0.6584
0.629
0.6434
0.6408
0.6042
0.6362
0.6152
0.6388
0.6146
0.6492
0.6595
0.6255
0.6452
0.6085
0.6419
0.6354
0.6337
0.6243
0.6596
0.6315
0.6432
0.6605
0.6434
0.653
0.6335
0.6604
0.6552
0.6136
0.6487
0.6308
0.6257
0.6497
0.6627
0.6443
0.6176
0.6441
0.6326
0.646
0.6602
0.641
0.6135
0.6399
0.6226
0.6808
0.6538
0.6274
0.6341
0.6479
0.644
0.6548
0.6556
0.6165
0.6389
0.6139
0.6726
0.6368
0.6397
0.6563
0.6916
0.634
0.6448
0.6665
0.6439
0.6665
0.6824
0.6684
0.6215
0.6719
0.6434
0.6467
0.6106
0.6213
0.6463
0.6632
0.6431
0.6469
0.6234
0.6427
0.6356
0.6382
0.6534
0.631
0.6313
0.6384
0.6673
0.6212
0.63
0.6338
0.6652
0.6583
0.6265
0.6434
0.6428
0.6646
0.6534
0.6694
0.6593
0.7033
0.6466
0.6521
0.6577
0.6561
0.6908
0.6445
0.6893
0.6557
0.6352
0.6584
0.6534
0.6325
0.6282
0.6835
0.6701
0.6244
0.6784
0.6647
0.6395
0.6144
0.6913
0.6525
0.6718
0.6354
0.6395
0.6935
0.674
0.6606
0.6543
0.6865
0.6621
0.6494
0.6619
0.6472
0.6473
0.6846
0.6639
0.6819
0.6807
0.6483
0.6429
0.6849
0.6699
0.6905
0.651
0.6671
0.7013
0.6695
0.6363
0.6337
0.6185
0.6472
0.6817
0.6471
0.6577
0.6733
0.7038
0.6644
0.6771
0.6392
0.6783
0.6523
0.6755
0.7212
0.6531
0.6411
0.6453
0.6439
0.6613
0.7036
0.663
0.6671
0.6623
0.6501
0.6714
0.6854
0.7084
0.6561
0.6769
0.6842
0.6507
0.6799
0.6353
0.6489
0.686
0.6641
0.6776
0.677
0.6785
0.6696
0.6673
0.6702
0.6668
0.6822
0.6883
0.6773
0.6283
0.6366
0.6887
0.6505
0.6782
0.6456
0.6638
0.6838
0.6965
0.6777
0.6729
0.664
0.6754
0.6228
0.7208
0.697
0.6807
0.6657
0.6964
0.6469
0.7055
0.6565
0.643
0.6883
0.6637
0.6403
0.6614
0.7156
0.6629
0.6543
0.6324
0.7186
0.6721
0.6799
0.7115
0.6698
0.6699
0.6937
0.6601
0.6389
0.6565
0.7321
0.6722
0.6861
0.684
0.6605
0.7078
0.6894
0.6551
0.618
0.6851
0.6837
0.679
0.6756
0.6572
0.6773
0.6532
0.6593
0.6947
0.6818
0.6806
0.6978
0.6902
0.6631
0.6721
0.6736
0.6755
0.6664
0.6597
0.7038
0.6915
0.6879
0.65
0.6887
0.6629
0.721
0.6204
0.6896
0.6357
0.6935
0.6605
0.6863
0.665
0.6684
0.7199
0.7109
0.6786
0.6816
0.6718
0.663
0.6292
0.7144
0.714
0.662
0.6702
0.6989
0.6344
0.6558
0.696
0.6348
0.7182
0.6908
0.6757
0.6507
0.7002
0.6461
0.6972
0.6678
0.6624
0.6786
0.6642
0.6777
0.6496
0.6937
0.6734
0.71
0.6996
0.6604
0.699
0.683
0.6428
0.6606
0.7093
0.6928
0.6586
0.6839
0.7079
0.6968
0.6723
0.6544
0.669
0.702
0.7059
0.6956
0.6602
0.6828
0.6958
0.6734
0.6915
0.7072
0.7073
0.6947
0.6853
0.6729
0.6568
0.7025
0.7133
0.6873
0.6808
0.6469
0.6469
0.6658
0.6779
0.711
0.6645
0.6903
0.689
0.7049
0.6644
0.653
0.6324
0.6646
0.7283
0.6981
0.6623
0.6517
0.6949
0.6589
0.7007
0.7007
0.6795
0.698
0.7096
0.6773
0.6788
0.6431
0.6842
0.6758
0.706
0.6929
0.7022
0.6665
0.7138
0.6933
0.7116
0.708
0.6638
0.7243
0.654
0.6645
0.7076
0.6912
0.5934
0.6789
0.7214
0.6565
0.6835
0.7233
0.6675
0.6774
0.7419
0.6911
0.6588
0.6692
0.6765
0.6865
0.6682
0.7168
0.6816
0.6386
0.7067
0.6714
0.6366
0.7202
0.7103
0.6381
0.6644
0.6697
0.6978
0.7031
0.7101
0.7174
0.7273
0.6755
0.6703
0.6661
0.6871
0.7159
0.6824
0.675
0.6847
0.6794
0.6911
0.7009
0.6865
0.6966
0.7197
0.7155
0.6819
0.7117
0.6932
0.7054
0.6538
0.7113
0.6647
0.6883
0.698
0.6641
0.7129
0.6979
0.6721
0.6764
0.7101
0.6829
0.7234
0.706
0.7116
0.6838
0.6977
0.6986
0.6901
0.7171
0.6838
0.7184
0.6953
0.6549
0.671
0.7274
0.7222
0.6613
0.722
0.6603
0.7325
0.7
0.7277
0.6369
0.7227
0.6851
0.6849
0.7303
0.6341
0.6867
0.71
0.7131
0.6873
0.6605
0.6852
0.6654
0.7199
0.684
0.7216
0.6779
0.6727
0.6879
0.7067
0.6782
0.6976
0.696
0.7305
0.7131
0.7211
0.6203
0.7085
0.6911
0.7014
0.6815
0.7312
0.6498
0.6927
0.7192
0.6945
0.7019
0.6955
0.6673
0.6862
0.6934
0.7254
0.6861
0.7417
0.6354
0.6953
0.6743
0.6749
0.7279
0.7214
0.6439
0.6882
0.7147
0.6199
0.7194
0.7258
0.691
0.7148
0.679
0.7051
0.7179
0.7198
0.699
0.6611
0.7134
0.7355
0.671
0.7056
0.7094
0.736
0.661
0.7067
0.7032
0.7231
0.7459
0.7013
0.7081
0.6908
0.6933
0.7107
0.6774
0.6965
0.7034
0.6707
0.7245
0.7229
0.7213
0.6895
0.7086
0.709
0.6958
0.6995
0.6759
0.7098
0.6639
0.6934
0.7319
0.7014
0.7282
0.6994
0.6771
0.7021
0.7153
0.6969
0.683
0.6919
0.6722
0.7021
0.6664
0.7294
0.7418
0.7224
0.7125
0.7175
0.7172
0.6988
0.7364
0.6932
0.6868
0.7304
0.6658
0.6963
0.7032
0.6896
0.7311
0.7482
0.6987
0.7152
0.7228
0.7068
0.7016
0.7105
0.7433
0.6997
0.7121
0.7091
0.7102
0.7108
0.6395
0.7332
0.7216
0.7348
0.7231
0.7032
0.7459
0.6971
0.7156
0.7303
0.7064
0.6813
0.6864
0.693
0.717
0.7085
0.6969
0.7032
0.7235
0.6895
0.7204
0.6962
0.7041
0.6986
0.7375
0.7034
0.7171
0.7034
0.7246
0.735
0.7173
0.738
0.7134
0.6888
0.7323
0.7026
0.6932
0.6601
0.7442
0.7083
0.7222
0.7375
0.6956
0.6963
0.7058
0.7675
0.6994
0.731
0.7294
0.6991
0.7338
0.7366
0.713
0.6941
0.6935
0.6649
0.7568
0.6884
0.7701
0.7026
0.7436
0.6875
0.7036
0.7105
0.7341
0.6776
0.7483
0.7665
0.7434
0.714
0.653
0.7374
0.7296
0.7489
0.7051
0.7009
0.7333
0.727
0.7458
0.7149
0.6903
0.7116
0.6949
0.7414
0.7353
0.7033
0.7082
0.6911
0.7041
0.7091
0.7549
0.7319
0.758
0.7407
0.6935
0.7247
0.7541
0.7084
0.7578
0.7241
0.7428
0.7398
0.7364
0.7068
0.7298
0.7292
0.7148
0.7225
0.7241
0.6957
0.7642
0.703
0.6979
0.7391
0.7412
0.7588
0.6976
0.6893
0.6873
0.6963
0.7379
0.7377
0.7456
0.7024
0.7374
0.6979
0.6921
0.7416
0.7235
0.7319
0.7181
0.7461
0.7178
0.7378
0.7112
0.7461
0.7081
0.7507
0.714
0.6882
0.7466
0.6987
0.7367
0.7018
0.7404
0.7407
0.7018
0.7664
0.7077
0.7166
0.7386
0.7065
0.708
0.7272
0.6762
0.6983
0.7696
0.7234
0.7009
0.7142
0.7485
0.744
0.7267
0.7452
0.7117
0.7514
0.6626
0.7205
0.7117
0.7248
0.7369
0.7326
0.7162
0.7211
0.7571
0.7446
0.7364
0.6905
0.7406
0.7287
0.7722
0.758
0.7441
0.7592
0.7361
0.735
0.7833
0.7527
0.7356
0.7187
0.771
0.7431
0.7068
0.7537
0.7552
0.7454
0.7254
0.7416
0.737
0.713
0.7077
0.7243
0.6923
0.7025
0.7559
0.7203
0.7118
0.7291
0.7227
0.7331
0.7566
0.7607
0.7282
0.7685
0.7268
0.7157
0.7294
0.761
0.7203
0.7269
0.7687
0.7278
0.7611
0.6847
0.738
0.7632
0.7473
0.7628
0.7608
0.7462
0.7583
0.7051
0.7507
0.738
0.7414
0.772
0.7196
0.7594
0.6967
0.7253
0.7521
0.7219
0.7359
0.7528
0.7779
0.7423
0.7158
0.7686
0.7236
0.7342
0.7286
0.7721
0.7464
0.7395
0.704
0.7215
0.7621
0.6955
0.7337
0.7488
0.7325
0.717
0.7731
0.7182
0.7526
0.6825
0.7217
0.7472
0.7134
0.7246
