1.1863
0.6619
0.7961
0.4646
0.4549
0.4724
0.4207
0.3495
0.2792
0.2955
0.3148
0.2471
0.2877
0.223
0.2269
0.248
0.2182
0.185
0.2515
0.2847
0.2158
0.2254
0.2347
0.1989
0.1849
0.2028
0.1841
0.1864
0.1551
0.1861
0.2254
0.2153
0.2169
0.1312
0.2051
0.1986
0.164
0.1479
0.2205
0.1337
0.2069
0.1294
0.1598
0.1795
0.1363
0.1844
0.1289
0.1657
0.1672
0.1618
0.1302
0.1497
0.1275
0.1266
0.1479
0.1516
0.1479
0.1508
0.1534
0.1746
0.1347
0.138
0.1359
0.1512
0.119
0.1478
0.1676
0.1299
0.1356
0.1854
0.1375
0.1149
0.1478
0.1807
0.1612
0.1354
0.097
0.0871
0.0882
0.1483
0.1317
0.1159
0.1279
0.1431
0.115
0.1037
0.1153
0.1246
0.1396
0.0935
0.1043
0.1325
0.1105
0.1165
0.1455
0.1458
0.1021
0.109
0.0889
0.1129
