0.1797
0.1806
0.1808
0.1822
0.1812
0.1822
0.1812
0.1867
0.2038
0.1953
0.2097
0.2372
0.2316
0.2577
0.2938
0.2816
0.3149
0.3099
0.2984
0.3416
0.3225
0.3174
0.3393
0.3481
0.3566
0.3541
0.3712
0.359
0.3762
0.3872
0.3817
0.3957
0.4206
0.3924
0.4041
0.4249
0.41
0.417
0.4087
0.419
0.4443
0.4194
0.4296
0.4538
0.4448
0.4341
0.448
0.4703
0.4373
0.4474
0.4629
0.4481
0.4857
0.4761
0.4573
0.4985
0.4883
0.4924
0.4885
0.4805
0.5049
0.4993
0.5158
0.4881
0.4909
0.4993
0.5255
0.4976
0.494
0.487
0.5014
0.5092
0.5234
0.5261
0.5072
0.5285
0.5262
0.5174
0.5196
0.5036
0.5356
0.4984
0.4645
0.5076
0.5385
0.517
0.5539
0.5499
0.5239
0.5451
0.5621
0.546
0.5457
0.5435
0.5258
0.5513
0.5469
0.5318
0.5702
0.5496
0.5307
0.5518
0.5659
0.5376
0.5526
0.5489
0.5446
0.5704
0.5404
0.551
0.5786
0.5296
0.5721
0.5306
0.5546
0.5762
0.5241
0.5458
0.5854
0.5428
0.5316
0.57
0.5574
0.5728
0.5553
0.5613
0.5424
0.5801
0.5576
0.558
0.5613
0.5414
0.552
0.5741
0.582
0.5602
0.5382
0.5293
0.5531
0.5807
0.5847
0.5059
0.5637
0.5636
0.5666
0.5921
0.5759
0.5946
0.596
0.5665
0.5809
0.5707
0.5386
0.5796
0.6048
0.597
0.5549
0.5785
0.5747
0.5507
0.5641
0.582
0.5651
0.5963
0.5709
0.5491
0.5492
0.6188
0.5749
0.5711
0.6119
0.5807
0.5483
0.583
0.5984
0.6006
0.5572
0.5694
0.5298
0.5544
0.5926
0.5758
0.5641
0.6062
0.563
0.5846
0.5977
0.5836
0.5602
0.5741
0.5818
0.5881
0.5898
0.5737
0.5569
0.578
0.6124
0.5639
0.5822
0.5664
0.5983
0.5759
0.5906
0.5884
0.5778
0.5609
0.6218
0.5888
0.5607
0.5847
0.5924
0.5974
0.6019
0.5557
0.5404
0.5783
0.5752
0.5346
0.5768
0.5856
0.5834
0.5935
0.5977
0.5725
0.572
0.5675
0.6034
0.5632
0.6104
0.609
0.5982
0.6094
0.6068
0.5799
0.5932
0.578
0.5984
0.5667
0.585
0.5784
0.5836
0.5974
0.6005
0.5705
0.631
0.5979
0.566
0.602
0.5826
0.6323
0.6051
0.57
0.5965
0.5841
0.6133
0.5939
0.5655
0.6276
0.562
0.5981
0.632
0.5886
0.6012
0.5621
0.5757
0.5843
0.5923
0.6208
0.5522
0.5677
0.599
0.6371
0.583
0.62
0.6048
0.5695
0.5604
0.5685
0.5711
0.5919
0.563
0.5954
0.5744
0.5999
0.5805
0.5945
0.5834
0.5829
0.6327
0.611
0.5473
0.6227
0.6135
0.5885
0.5907
0.624
0.581
0.5766
0.6223
0.5954
0.6321
0.5919
0.624
0.558
0.5897
0.6326
0.561
0.5643
0.6034
0.6062
0.5775
0.5852
0.606
0.6146
0.5907
0.6599
0.5467
0.584
0.6069
0.5456
0.6262
0.6154
0.6269
0.6007
0.5911
0.6166
0.5682
0.5946
0.5742
0.626
0.5884
0.6
0.5742
0.5589
0.5823
0.6319
0.5904
0.5888
0.5646
0.621
0.5828
0.6234
0.6164
0.624
0.5977
0.5602
0.5933
0.5999
0.6141
0.623
0.6101
0.578
0.6003
0.5964
0.6361
0.5937
0.6002
0.6233
0.5965
0.5419
0.6282
0.6736
0.5933
0.6233
0.6054
0.5874
0.5918
0.5709
0.6111
0.6245
0.5721
0.5885
0.6144
0.5936
0.5584
0.6095
0.6013
0.6054
0.6403
0.6211
0.6171
0.6297
0.5916
0.5859
0.6012
0.5975
0.6425
0.604
0.6113
0.5641
0.622
0.6121
0.6354
0.6075
0.6302
0.6327
0.6365
0.5656
0.6261
0.5634
0.6087
0.5872
0.5806
0.6205
0.5786
0.6388
0.647
0.6515
0.6216
0.5715
0.6345
0.5956
0.6277
0.5979
0.638
0.5944
0.5899
0.6208
0.5588
0.6125
0.6141
0.6118
0.6345
0.6265
0.5929
0.6326
0.608
0.6248
0.6446
0.5979
0.6248
0.6146
0.646
0.554
0.626
0.6219
0.5782
0.6157
0.6363
0.5925
0.5783
0.606
0.6028
0.597
0.5856
0.5789
0.6111
0.5374
0.6305
0.5803
0.5958
0.5588
0.6078
0.6352
0.6197
0.5986
0.6186
0.6283
0.6022
0.6078
0.6112
0.6397
0.6222
0.609
0.567
0.6327
0.623
0.6229
0.6412
0.6292
0.5928
0.6437
0.595
0.5754
0.5859
0.6184
0.6138
0.5902
0.5856
0.6364
0.6091
0.6572
0.6186
0.6191
0.5913
0.6723
0.6036
0.6201
0.6079
0.6482
0.6217
0.6481
0.6367
0.6153
0.6483
0.5957
0.6562
0.644
0.6408
0.6165
0.5785
0.6337
0.5897
0.6062
0.6388
0.608
0.6282
0.6146
0.647
0.6202
0.6338
0.5983
0.6284
0.6369
0.64
0.6275
0.6557
0.6058
0.6211
0.6169
0.6086
0.6124
0.6321
0.5846
0.5923
0.5841
0.602
0.5951
0.5916
0.5975
0.6199
0.5942
0.6171
0.6259
0.6481
0.6064
0.6373
0.6244
0.64
0.6612
0.6406
0.6272
0.6522
0.6334
0.6627
0.6319
0.6211
0.6129
0.6159
0.668
0.6104
0.6343
0.6452
0.644
0.6412
0.5512
0.6184
0.6438
0.6207
0.6136
0.5891
0.6144
0.6025
0.6021
0.583
0.5923
0.6034
0.6443
0.666
0.6273
0.6214
0.635
0.6299
0.5861
0.6259
0.6025
0.5704
0.6422
0.6461
0.6248
0.6491
0.6335
0.6456
0.5736
0.6332
0.6526
0.6406
0.6119
0.6402
0.596
0.6448
0.6482
0.6012
0.6168
0.6707
0.6275
0.5752
0.5951
0.6313
0.6204
0.6024
0.6124
0.6385
0.6139
0.6455
0.6184
0.6524
0.6534
0.6464
0.6462
0.6675
0.6034
0.6251
0.6583
0.6171
0.6192
0.5918
0.6057
0.5743
0.6242
0.593
0.585
0.6434
0.5948
0.6701
0.6352
0.6568
0.6397
0.5938
0.678
0.6882
0.6198
0.6438
0.6649
0.6125
0.6237
0.6294
0.626
0.6518
0.6338
0.6483
0.6406
0.6534
0.6395
0.597
0.6467
0.6469
0.6389
0.6465
0.6535
0.6393
0.6707
0.6425
0.6134
0.6661
0.679
0.6847
0.6443
0.6536
0.6472
0.585
0.6611
0.6494
0.6572
0.6142
0.6131
0.6167
0.6097
0.6547
0.6668
0.6649
0.6732
0.6568
0.6454
0.6844
0.6242
0.6126
0.6486
0.6168
0.6596
0.6631
0.6359
0.6742
0.6097
0.6507
0.5817
0.6577
0.6748
0.6231
0.6536
0.6008
0.6551
0.6145
0.6247
0.6522
0.6675
0.6429
0.616
0.6529
0.6426
0.6289
0.6273
0.6579
0.5971
0.6379
0.6719
0.6684
0.6658
0.6591
0.626
0.662
0.6309
0.6516
0.6096
0.6005
0.6646
0.6843
0.6351
0.6427
0.6274
0.6716
0.6676
0.646
0.6365
0.6489
0.6206
0.6953
0.6516
0.6491
0.628
0.6475
0.6004
0.6492
0.631
0.6463
0.677
0.6449
0.6321
0.658
0.6237
0.6371
0.6059
0.6323
0.6553
0.6441
0.6549
0.6629
0.6458
0.649
0.6243
0.6724
0.635
0.627
0.6737
0.6373
0.6176
0.6486
0.6465
0.6304
0.6706
0.6255
0.6381
0.6234
0.6177
0.6635
0.6548
0.6608
0.6217
0.6429
0.6672
0.6364
0.6553
0.6759
0.6219
0.6772
0.661
0.6787
0.6319
0.6489
0.6497
0.6402
0.6891
0.6692
0.6294
0.6502
0.6707
0.6874
0.7152
0.6238
0.6437
0.6759
0.6488
0.6902
0.6403
0.67
0.7034
0.6162
0.6914
0.6499
0.6837
0.6598
0.6397
0.6606
0.7004
0.6729
0.6893
0.6939
0.6414
0.6334
0.6631
0.6622
0.6482
0.6553
0.6337
0.6542
0.6516
0.6783
0.6698
0.6644
0.6593
0.5926
0.6353
0.6294
0.641
0.6782
0.6464
0.6377
0.636
0.6798
0.5981
0.6897
0.6522
0.6354
0.6155
0.6763
0.6332
0.6072
0.7011
0.5763
0.6657
0.632
0.635
0.6752
0.6769
0.6534
0.6515
0.6417
0.7099
0.6739
0.6759
0.6655
0.6608
0.6449
0.6317
0.6435
0.6434
0.6053
0.6707
0.6847
0.6814
0.6506
0.6747
0.619
0.6494
0.6484
0.6847
0.7022
0.6857
0.6634
0.6662
0.5856
0.7263
0.6992
0.6831
0.6508
0.6528
0.6247
0.662
0.5903
0.6707
0.6186
0.6833
0.6581
0.6307
0.6674
0.6603
0.6792
0.6627
0.6378
0.6734
0.688
0.6913
0.6701
0.688
0.6811
0.6786
0.6991
0.6613
0.6748
0.6696
0.6627
0.6737
0.6778
0.672
0.6457
0.6252
0.6427
0.624
0.6302
0.6826
0.6505
0.6501
0.6131
0.6463
0.6768
0.6541
0.6556
0.6585
0.6857
0.6368
0.6502
0.7227
0.6457
0.6491
0.658
0.6651
0.682
0.7214
0.6887
0.5926
0.6666
0.6627
0.6891
0.6213
0.6364
0.6425
0.6856
0.6576
0.6938
0.7163
0.6319
0.6412
0.6216
0.6389
0.6789
0.6672
0.6538
0.6396
0.6978
0.7297
0.6401
0.6395
0.6742
0.6385
0.7293
0.6378
0.6685
0.6786
0.6902
0.7225
0.6632
0.694
0.6796
0.6631
0.6561
0.6725
0.6835
0.6893
0.6825
0.7141
0.6589
0.6441
0.6636
0.6922
0.6678
0.6293
0.7012
0.7233
0.7453
0.6588
0.6243
0.6952
0.717
0.6647
0.7133
0.698
0.7006
0.6664
0.667
0.7249
0.6778
0.7185
0.682
0.6347
0.6392
0.6848
0.6516
0.7002
0.6712
0.656
