0.1943
0.1948
0.1948
0.1949
0.1947
0.1948
0.1992
0.2197
0.2278
0.2569
0.2726
0.2738
0.2735
0.2809
0.2892
0.294
0.3072
0.3004
0.3056
0.3131
0.3227
0.3229
0.3293
0.3319
0.3335
0.3544
0.3348
0.3478
0.3366
0.3551
0.3411
0.3548
0.3456
0.3576
0.3672
0.3858
0.3729
0.3782
0.3749
0.3801
0.3831
0.3862
0.3895
0.3928
0.3806
0.3738
0.381
0.3973
0.4084
0.3919
0.3796
0.4037
0.3873
0.3787
0.3955
0.3972
0.3826
0.4066
0.4289
0.4065
0.4306
0.4277
0.38
0.4423
0.3975
0.4322
0.4054
0.442
0.4295
0.4056
0.4079
0.422
0.4473
0.434
0.4081
0.3889
0.42
0.4296
0.4644
0.4399
0.4132
0.4366
0.4199
0.4195
0.4359
0.4257
0.4351
0.4105
0.4612
0.4395
0.4436
0.4031
0.4037
0.4593
0.4759
0.4278
0.4429
0.4317
0.4409
0.4445
0.4311
0.4531
0.4473
0.4348
0.4707
0.4896
0.4373
0.4728
0.4836
0.4825
0.4689
0.4492
0.4408
0.4367
0.4651
0.4432
0.4377
0.4541
0.4453
0.4554
0.4519
0.4621
0.4736
0.4473
0.4563
0.4371
0.4509
0.4672
0.449
0.4714
0.4725
0.4567
0.4439
0.4625
0.4574
0.4364
0.4477
0.4658
0.4485
0.4527
0.4797
0.4555
0.4237
0.4448
0.4699
0.4517
0.4555
0.447
0.4522
0.4481
0.4549
0.4776
0.4673
0.4597
0.5228
0.4628
0.4908
0.4486
0.475
0.4529
0.4726
0.4625
0.4559
0.4643
0.4919
0.4965
0.4392
0.4817
0.5029
0.4751
0.4663
0.4539
0.4921
0.4395
0.4825
0.4476
0.4254
0.4505
0.4569
0.4683
0.4529
0.4669
0.4516
0.468
0.4632
0.4561
0.4788
0.4652
0.5188
0.4779
0.4613
0.4839
0.4455
0.4677
0.4711
0.4618
0.5292
0.4443
0.4741
0.4468
0.4623
0.4704
0.4688
0.4764
0.4655
0.481
0.4708
0.4885
0.4514
0.4876
0.4686
0.4807
0.448
0.4473
0.4638
0.4725
0.4707
0.4936
0.5009
0.4762
0.4406
0.4712
0.4798
0.4642
0.4482
0.4904
0.4503
0.464
0.4754
0.4775
0.4677
0.4888
0.4688
0.4362
0.458
0.4828
0.477
0.5293
0.4838
0.501
0.4625
0.4493
0.5007
0.4309
0.4906
0.4934
0.5113
0.453
0.4837
0.4968
0.4681
0.4638
0.4494
0.4658
0.4544
0.4768
0.4665
0.5156
0.445
0.4759
0.4404
0.5014
0.4432
0.5002
0.503
0.4894
0.4722
0.4496
0.425
0.4704
0.5081
0.4796
0.5155
0.4811
0.4456
0.4733
0.4682
0.4807
0.4741
0.5167
0.4945
0.4653
0.5266
0.4444
0.4998
0.4855
0.4598
0.4712
0.4502
0.5122
0.4946
0.5483
0.4824
0.515
0.5149
0.5256
0.4696
0.4736
0.4879
0.5178
0.45
0.4949
0.4922
0.4769
0.4978
0.4969
0.5089
0.4607
0.5355
0.5115
0.4623
0.5001
0.4816
0.4393
0.4603
0.4795
0.4639
0.4658
0.4624
0.4688
0.5156
0.5318
0.5133
0.5095
0.5074
0.4469
0.4979
0.4961
0.5122
0.465
0.5142
0.4834
0.4912
0.4494
0.5238
0.5019
0.4896
0.4896
0.5131
0.4764
0.5076
0.4497
0.4713
0.4953
0.4596
0.4858
0.4678
0.5266
0.4997
0.5342
0.4449
0.5267
0.4693
0.5116
0.4962
0.5085
0.4691
0.5646
0.4838
0.5206
0.4979
0.5303
0.4925
0.4567
0.4711
0.5226
0.4472
0.4725
0.4601
0.5268
0.53
0.4644
0.4968
0.4777
0.5542
0.4545
0.4575
0.5415
0.4913
0.5138
0.4747
0.4771
0.4632
0.4704
0.4919
0.4786
0.5146
0.4507
0.4973
0.5241
0.4854
0.492
0.5709
0.4818
0.4774
0.5048
0.4772
0.5253
0.525
0.5199
0.4787
0.4669
0.5245
0.5215
0.4654
0.5252
0.4902
0.5189
0.52
0.4877
0.4924
0.51
0.4994
0.4738
0.468
0.506
0.5015
0.4608
0.517
0.5102
0.5132
0.4983
0.4815
0.5122
0.4984
0.5008
0.4914
0.5496
0.4777
0.4787
0.5042
0.5013
0.4754
0.5054
0.504
0.5109
0.5417
0.4913
0.5031
0.5025
0.48
0.4954
0.4468
0.4946
0.4312
0.4978
0.5145
0.4881
0.5163
0.4618
0.4867
0.5097
0.51
0.5174
0.4624
0.4992
0.5374
0.4718
0.4949
0.51
0.512
0.5344
0.5237
0.5255
0.5492
0.5132
0.5084
0.5396
0.522
0.4651
0.4988
0.5194
0.4799
0.475
0.5584
0.5008
0.5239
0.5113
0.5228
0.5192
0.4995
0.4953
0.496
0.4558
0.5101
0.5156
0.477
0.5129
0.4835
0.5027
0.496
0.4327
0.5206
0.536
0.5215
0.5106
0.5312
0.5111
0.4859
0.4663
0.5378
0.4814
0.4766
0.5307
0.4443
0.5325
0.547
0.481
0.4689
0.535
0.5066
0.5352
0.4887
0.5042
0.5369
0.5378
0.5377
0.5196
0.5537
0.5127
0.5553
0.4848
0.5328
0.5245
0.4862
0.4641
0.4659
0.5412
0.5182
0.5151
0.5095
0.5266
0.5444
0.4455
0.4765
0.5071
0.4902
0.5722
0.5253
0.5316
0.5001
0.4651
0.5247
0.5313
0.5066
0.4494
0.4937
0.5191
0.4475
0.5094
0.4903
0.5012
0.4856
0.4877
0.5004
0.5143
0.5364
0.4633
0.5393
0.5323
0.4278
0.516
0.4998
0.4886
0.5153
0.584
0.5424
0.5342
0.5595
0.5075
0.5112
0.4914
0.4814
0.4947
0.4746
0.5254
0.4997
0.4791
0.5338
0.4757
0.5141
0.4763
0.4973
0.4951
0.4923
0.4969
0.4907
0.532
0.5138
0.5246
0.4929
0.5226
0.5037
0.4787
0.4816
0.4827
0.5191
0.4874
0.4844
0.4581
0.4731
0.4781
0.4833
0.5186
0.4679
0.5212
0.5114
0.4732
0.5354
0.4998
0.5087
0.5445
0.5079
0.4452
0.4662
0.525
0.5293
0.5177
0.5346
0.4774
0.4968
0.533
0.5009
0.4725
0.5018
0.4812
0.4883
0.5225
0.4988
0.5125
0.5822
0.4743
0.5121
0.4733
0.5103
0.4942
0.4906
0.468
0.5057
0.4972
0.5089
0.4868
0.5407
0.5373
0.4963
0.4493
0.5394
0.4947
0.5408
0.5133
0.5057
0.5621
0.5358
0.4921
0.5389
0.4989
0.5113
0.5573
0.5785
0.4489
0.5275
0.5238
0.5019
0.5118
0.5008
0.5297
0.5509
0.5055
0.4795
0.4978
0.4959
0.538
0.5165
0.4909
0.5589
0.4918
0.5059
0.4592
0.4925
0.4982
0.5142
0.5486
0.561
0.4867
0.5505
0.5397
0.497
0.5514
0.4867
0.485
0.5378
0.4743
0.4519
0.4923
0.5308
0.5094
0.5269
0.5186
0.5703
0.5141
0.5202
0.5085
0.55
0.5434
0.4686
0.5011
0.5352
0.4836
0.5125
0.5468
0.5784
0.5304
0.4996
0.4735
0.5417
0.5192
0.5246
0.5042
0.5404
0.5389
0.4491
0.4859
0.5673
0.4824
0.5411
0.55
0.5035
0.5066
0.5681
0.4619
0.5013
0.5468
0.5314
0.5019
0.501
0.5729
0.4994
0.5348
0.5424
0.5273
0.5056
0.5357
0.5098
0.5487
0.4872
0.4979
0.5378
0.5343
0.4723
0.506
0.5584
0.533
0.5466
0.4872
0.5506
0.5479
0.4705
0.5404
0.5129
0.4979
0.561
0.4942
0.5356
0.472
0.5248
0.5015
0.5023
0.4615
0.5072
0.5105
0.5288
0.5016
0.5284
0.5197
0.5337
0.5449
0.5259
0.4998
0.5074
0.5734
0.5606
0.4666
0.485
0.5403
0.5011
0.5057
0.5489
0.5305
0.5149
0.4792
0.5216
0.5401
0.5353
0.514
0.5241
0.4868
0.5125
0.4887
0.5107
0.4714
0.527
0.4965
0.5802
0.5264
0.5353
0.5321
0.5143
0.4709
0.5465
0.4906
0.5209
0.5701
0.5282
0.5296
0.5263
0.52
0.5233
0.5187
0.6033
0.5099
0.5075
0.4779
0.538
0.5462
0.575
0.5427
0.515
0.5536
0.499
0.5452
0.5853
0.5
0.5552
0.4952
0.5044
0.5343
0.5662
0.4969
0.5452
0.5438
0.5331
0.5567
0.5321
0.5676
0.5787
0.485
0.5086
0.5069
0.5127
0.5263
0.5823
0.4841
0.4972
0.5069
0.5162
0.5182
0.522
0.5
0.4973
0.5393
0.5609
0.5193
0.5202
0.5325
0.4741
0.5091
0.5644
0.5199
0.5157
0.5408
0.4991
0.5235
0.5304
0.5781
0.5341
0.4831
0.5362
0.4992
0.5319
0.5518
0.5316
0.6082
0.5507
0.517
0.5302
0.5728
0.4904
0.5198
0.5233
0.4921
0.5761
0.5007
0.5043
0.5107
0.4885
0.5343
0.5955
0.5188
0.5791
0.6039
0.5091
0.5519
0.5721
0.5014
0.5175
0.5843
0.5325
0.5598
0.5527
0.5068
0.4957
0.5609
0.5129
0.5563
0.5702
0.5355
0.5302
0.549
0.5423
0.5511
0.5087
0.6019
0.5166
0.5315
0.559
0.5044
0.5399
0.5805
0.5054
0.5481
0.5401
0.5068
0.5189
0.5582
0.5135
0.5188
0.5413
0.5284
0.5261
0.5755
0.5193
0.5334
0.5911
0.5304
0.5307
0.5602
0.5596
0.4935
0.5839
0.5707
0.5299
0.5333
0.5512
0.5916
0.5566
0.5564
0.5563
0.5569
0.4911
0.5034
0.5383
0.5147
0.5431
0.4759
0.4992
0.5424
0.5494
0.5669
0.5661
0.5713
0.5274
0.5614
0.4816
0.5152
0.5251
0.5692
0.5511
0.5548
0.5132
0.5381
0.5211
0.5276
0.581
0.508
0.5157
0.5473
0.493
0.5779
0.5713
0.5696
0.5297
0.5875
0.5298
0.5771
0.5531
0.5192
0.5849
0.5037
0.5688
0.55
