1.5345
1.4758
0.74
1.3968
0.9647
0.5478
0.4435
0.4596
0.3535
0.3611
0.45
0.2659
0.3045
0.2936
0.2628
0.2631
0.2035
0.3094
0.2472
0.276
0.2646
0.2075
0.261
0.1746
0.2305
0.2265
0.2186
0.1909
0.193
0.1853
0.1839
0.1881
0.1516
0.1887
0.1897
0.1531
0.1747
0.1765
0.1645
0.1427
0.1558
0.165
0.1779
0.1543
0.144
0.1327
0.1688
0.1368
0.1472
0.1721
0.1776
0.1643
0.1347
0.1275
0.1265
0.1499
0.1418
0.1197
0.1451
0.1407
0.1386
0.1773
0.1517
0.1522
0.1124
0.1216
0.1657
0.1133
0.1178
0.1058
0.116
0.1255
0.19
0.1255
0.1551
0.129
0.1255
0.1071
0.1331
0.1028
0.1344
0.1268
0.1281
0.1068
0.1001
0.1239
0.0951
0.094
0.116
0.0827
0.117
0.1216
0.1081
0.1182
0.0986
0.1027
0.1108
0.0996
0.1024
0.0933
