2.2424
1.1115
1.2441
0.709
0.5372
0.4701
0.3649
0.4171
0.3877
0.3603
0.3019
0.2991
0.3424
0.2785
0.2678
0.2279
0.2211
0.2258
0.23
0.2729
0.2057
0.2157
0.2058
0.2609
0.2221
0.1771
0.1842
0.2005
0.1684
0.2092
0.2044
0.1883
0.1927
0.1933
0.1274
0.1714
0.1608
0.167
0.124
0.1896
0.1822
0.1609
0.1362
0.1511
0.1651
0.1379
0.1553
0.1317
0.1665
0.1461
0.1515
0.1762
0.1379
0.1545
0.1386
0.1206
0.1182
0.1307
0.131
0.1738
0.1387
0.1467
0.115
0.1481
0.1074
0.124
0.1473
0.1305
0.1358
0.1443
0.1103
0.0981
0.124
0.1249
0.1144
0.1183
0.1564
0.0986
0.1206
0.0862
0.116
0.0868
0.1181
0.1121
0.1182
0.0929
0.1284
0.141
0.1114
0.1067
0.1115
0.0773
0.1047
0.0876
0.1036
0.0872
0.1002
0.0911
0.0955
0.1248
