0.2748
0.2759
0.2762
0.275
0.2747
0.2733
0.2772
0.2754
0.2757
0.2754
0.2756
0.2768
0.2747
0.2769
0.2766
0.2736
0.277
0.2777
0.2767
0.2767
0.2764
0.2767
0.2757
0.2765
0.2769
0.2771
0.2772
0.2782
0.2791
0.2761
0.2786
0.2791
0.2786
0.2791
0.2783
0.279
0.2803
0.2809
0.28
0.2792
0.2782
0.2783
0.2794
0.2797
0.279
0.2788
0.2791
0.2796
0.2799
0.2802
0.2804
0.2799
0.2793
0.28
0.2786
0.2794
0.2805
0.2797
0.2797
0.2793
0.2797
0.2804
0.2798
0.2803
0.2806
0.2806
0.2801
0.2804
0.2788
0.2787
0.2802
0.2803
0.2806
0.2802
0.2794
0.2809
0.2802
0.2802
0.2808
0.28
0.2797
0.28
0.2793
0.2802
0.2799
0.2798
0.2794
0.2789
0.2799
0.2808
0.2818
0.2815
0.2807
0.2801
0.2815
0.2801
0.2815
0.281
0.2814
0.2823
0.2817
0.2811
0.2808
0.281
0.2821
0.2812
0.2808
0.2808
0.2808
0.2809
0.2812
0.2811
0.2814
0.2816
0.2813
0.2815
0.2806
0.281
0.2822
0.2813
0.281
0.2812
0.2811
0.2811
0.281
0.2819
0.2819
0.2825
0.2822
0.2819
0.282
0.2819
0.2823
0.2831
0.2821
0.2822
0.2815
0.2812
0.2814
0.2812
0.2811
0.2808
0.2817
0.2826
0.2829
0.2825
0.2825
0.2825
0.2825
0.2827
0.2821
0.2823
0.2825
0.282
0.2821
0.2817
0.2821
0.2821
0.282
0.282
0.2809
0.2815
0.2814
0.2813
0.2819
0.2817
0.2814
0.2824
0.2826
0.2824
0.2821
0.2815
0.2817
0.2818
0.2825
0.2828
0.2824
0.2828
0.2829
0.283
0.2822
0.2827
0.2826
0.2829
0.2831
0.2836
0.2827
0.2829
0.2829
0.282
0.2816
0.2824
0.2832
0.2825
0.2828
0.2827
0.2823
0.2824
0.2822
0.2823
0.282
0.283
0.2824
0.2821
0.2831
0.2826
0.2829
0.2832
0.2825
0.2822
0.2818
0.2831
0.2826
0.2829
0.2828
0.2829
0.2826
0.283
0.2834
0.2828
0.2834
0.2836
0.2832
0.2826
0.2823
0.2829
0.2829
0.2831
0.283
0.2825
0.2824
0.2827
0.2831
0.2832
0.2833
0.2827
0.2831
0.283
0.2831
0.2828
0.2828
0.2833
0.2827
0.2828
0.2827
0.2827
0.2826
0.2829
0.2829
0.2833
0.2836
0.2833
0.2837
0.2829
0.2832
0.2827
0.283
0.2831
0.2831
0.283
0.283
0.2829
0.2834
0.2829
0.2833
0.2832
0.2833
0.2832
0.2834
0.2834
0.2835
0.2835
0.2835
0.2836
0.2834
0.2833
0.2833
0.2836
0.2837
0.2836
0.2833
0.2832
0.2834
0.2835
0.2834
0.2832
0.2832
0.2833
0.2838
0.2837
0.2837
0.2839
0.2835
0.2837
0.2838
0.2837
0.2833
0.2832
0.2835
0.2835
0.2832
0.2833
0.2832
0.283
0.2831
0.2835
0.2832
0.2834
0.2836
0.2834
0.2836
0.2836
0.2836
0.2831
0.2834
0.2834
0.2834
0.2831
0.2835
0.2834
0.2834
0.2836
0.2839
0.2837
0.2839
0.2833
0.2838
0.2834
0.2835
0.2835
0.2835
0.2836
0.2836
0.2839
0.2841
0.2839
0.2838
0.2836
0.2837
0.2836
0.2833
0.2833
0.2831
0.2833
0.2832
0.2839
0.2837
0.2836
0.2834
0.2833
0.2834
0.2834
0.2833
0.2834
0.2833
0.2829
0.2834
0.2834
0.2835
0.2834
0.2833
0.2834
0.2836
0.2834
0.2835
0.2835
0.2835
0.2836
0.2837
0.2834
0.2834
0.2832
0.2837
0.2834
0.2835
0.2835
0.2833
0.2835
0.2834
0.2836
0.2835
0.2835
0.2836
0.2836
0.2836
0.2836
0.2837
0.2835
0.2835
0.2834
0.2837
0.2835
0.2834
0.2831
0.2835
0.2834
0.2835
0.2835
0.2836
0.2837
0.2835
0.2834
0.2837
0.2834
0.2836
0.2834
0.2835
0.2835
0.2835
0.2838
0.2836
0.2837
0.2833
0.2835
0.2832
0.2832
0.2833
0.2833
0.283
0.2832
0.2832
0.2833
0.2834
0.2834
0.2836
0.2836
0.2837
0.2834
0.2836
0.2835
0.2835
0.2834
0.2836
0.2833
0.2833
0.2835
0.2835
0.2835
0.2834
0.2833
0.2833
0.2833
0.2832
0.2834
0.2836
0.2834
0.2834
0.2833
0.2835
0.2835
0.2836
0.2835
0.2834
0.2833
0.2835
0.2833
0.2835
0.2835
0.2835
0.2834
0.2835
0.2834
0.2832
0.2832
0.2832
0.2835
0.2835
0.2834
0.2835
0.2833
0.2832
0.2833
0.2833
0.2832
0.2833
0.2833
0.2833
0.2833
0.2833
0.2833
0.2833
0.2834
0.2834
0.2834
0.2837
0.2834
0.2835
0.2833
0.2834
0.2833
0.2835
0.2835
0.2834
0.2836
0.2833
0.2834
0.2834
0.2835
0.2836
0.2834
0.2835
0.2834
0.2836
0.2835
0.2834
0.2833
0.2833
0.2835
0.2833
0.2833
0.2833
0.2833
0.2832
0.2833
0.2832
0.2833
0.2833
0.2833
0.2832
0.2833
0.2832
0.2831
0.2831
0.283
0.2832
0.2832
0.2835
0.2836
0.2833
0.2833
0.2832
0.2831
0.2832
0.2833
0.2832
0.2831
0.2832
0.2832
0.2834
0.2833
0.2833
0.2833
0.2832
0.2834
0.2833
0.2833
0.2832
0.2833
0.2833
0.2833
0.2833
0.2833
0.2835
0.2833
0.2831
0.2833
0.2832
0.2832
0.2834
0.2834
0.2834
0.2834
0.2834
0.2834
0.2832
0.2833
0.2834
0.2834
0.2832
0.2834
0.2833
0.2832
0.283
0.2831
0.2832
0.2832
0.2832
0.2834
0.2833
0.2832
0.2832
0.2832
0.2831
0.2832
0.2835
0.2833
0.2834
0.2832
0.2833
0.2834
0.2833
0.2833
0.2833
0.2834
0.2834
0.2833
0.2832
0.2832
0.2832
0.2832
0.2832
0.2833
0.2834
0.2833
0.2833
0.2832
0.2832
0.2833
0.2832
0.2832
0.2835
0.2832
0.2833
0.2833
0.2832
0.2832
0.2834
0.2835
0.2832
0.2833
0.2832
0.2833
0.2835
0.2835
0.2834
0.2833
0.2834
0.2832
0.2833
0.2834
0.2834
0.2834
0.2835
0.2834
0.2833
0.2834
0.2833
0.2833
0.2833
0.2833
0.2832
0.2833
0.2833
0.2833
0.2833
0.2833
0.2836
0.2833
0.2834
0.2834
0.2832
0.2834
0.2834
0.2832
0.2834
0.2835
0.2835
0.2834
0.2834
0.2835
0.2835
0.2835
0.2834
0.2835
0.2835
0.2833
0.2833
0.2833
0.2835
0.2835
0.2833
0.2834
0.2832
0.2833
0.2833
0.2832
0.2832
0.2834
0.2832
0.2833
0.2832
0.2833
0.2832
0.2832
0.2834
0.2834
0.2832
0.2834
0.2833
0.2833
0.2834
0.2834
0.2834
0.2835
0.2835
0.2834
0.2834
0.2833
0.2834
0.2834
0.2834
0.2835
0.2834
0.2835
0.2834
0.2834
0.2835
0.2833
0.2833
0.2833
0.2834
0.2834
0.2834
0.2832
0.2832
0.2834
0.2834
0.2834
0.2833
0.2832
0.2832
0.2834
0.2834
0.2835
0.2835
0.2835
0.2835
0.2834
0.2835
0.2835
0.2835
0.2835
0.2834
0.2835
0.2835
0.2836
0.2836
0.2834
0.2835
0.2835
0.2835
0.2834
0.2834
0.2835
0.2835
0.2835
0.2834
0.2835
0.2834
0.2833
0.2834
0.2835
0.2835
0.2835
0.2835
0.2834
0.2835
0.2836
0.2836
0.2836
0.2835
0.2835
0.2834
0.2835
0.2835
0.2834
0.2835
0.2834
0.2835
0.2834
0.2834
0.2834
0.2834
0.2835
0.2835
0.2834
0.2835
0.2834
0.2835
0.2835
0.2835
0.2834
0.2834
0.2833
0.2835
0.2835
0.2835
0.2836
0.2835
0.2835
0.2835
0.2835
0.2835
0.2835
0.2835
0.2835
0.2835
0.2835
0.2835
0.2835
0.2835
0.2835
0.2835
0.2835
0.2835
0.2834
0.2836
0.2835
0.2835
0.2836
0.2836
0.2834
0.2835
0.2835
0.2835
0.2834
0.2835
0.2835
0.2835
0.2834
0.2836
0.2835
0.2835
0.2834
0.2835
0.2835
0.2837
0.2835
0.2835
0.2835
0.2836
0.2834
0.2835
0.2835
0.2836
0.2835
0.2835
0.2836
0.2836
0.2835
0.2837
0.2835
0.2835
0.2835
0.2835
0.2836
0.2835
0.2835
0.2836
0.2834
0.2834
0.2834
0.2834
0.2834
0.2834
0.2834
0.2834
0.2834
0.2834
0.2834
0.2833
0.2835
0.2834
0.2834
0.2834
0.2835
0.2834
0.2834
0.2835
0.2834
0.2834
0.2835
0.2834
0.2835
0.2834
0.2834
0.2836
0.2836
0.2836
0.2836
0.2835
0.2835
0.2835
0.2836
0.2836
0.2835
0.2835
0.2835
0.2835
0.2836
0.2834
0.2837
0.2835
0.2837
0.2835
0.2835
0.2835
0.2836
0.2837
0.2836
0.2835
0.2835
0.2836
0.2836
0.2835
0.2836
0.2835
0.2836
0.2837
0.2835
0.2835
0.2835
0.2834
0.2836
0.2836
0.2836
0.2836
0.2835
0.2836
0.2835
0.2835
0.2834
0.2835
0.2835
0.2836
0.2836
0.2837
0.2835
0.2836
0.2835
0.2835
0.2836
0.2835
0.2835
0.2835
0.2834
0.2834
0.2834
0.2834
0.2835
0.2836
0.2835
0.2834
0.2836
0.2836
0.2836
0.2833
0.2835
0.2834
0.2836
0.2836
0.2837
0.2835
0.2835
0.2835
0.2835
0.2836
0.2836
0.2836
0.2835
0.2834
0.2836
0.2834
0.2836
0.2834
0.2835
0.2837
0.2836
0.2836
0.2837
0.2837
0.2836
0.2835
0.2837
0.2834
0.2835
0.2835
0.2835
0.2835
0.2835
0.2836
0.2836
0.2835
0.2835
0.2835
0.2835
0.2836
0.2836
0.2836
0.2836
0.2837
0.2836
0.2836
0.2835
0.2836
0.2835
0.2835
0.2835
0.2836
0.2835
