0.2013
0.3086
0.3774
0.4122
0.4384
0.4635
0.5185
0.5496
0.6108
0.6352
0.6422
0.6811
0.6922
0.7288
0.7461
0.7539
0.764
0.7771
0.7911
0.7909
0.7991
0.7994
0.8029
0.808
0.8139
0.8242
0.8226
0.8243
0.8319
0.8421
0.84
0.8435
0.8466
0.8501
0.8545
0.8529
0.8547
0.8615
0.8627
0.8623
0.8658
0.8657
0.8658
0.8693
0.8683
0.874
0.8757
0.8778
0.8786
0.8802
0.8803
0.883
0.8838
0.8847
0.8858
0.8874
0.89
0.8906
0.8922
0.8912
0.8914
0.8927
0.8954
0.8934
0.8967
0.896
0.8967
0.8987
0.8995
0.9006
0.8997
0.901
0.9009
0.9007
0.9025
0.9023
0.9034
0.9054
0.9057
0.9057
0.9069
0.9068
0.907
0.908
0.9086
0.9077
0.9103
0.9114
0.9094
0.9105
0.9107
0.9102
0.9132
0.9146
0.9148
0.9139
0.9152
0.9167
0.9167
0.9159
