0.1247
0.1917
0.2385
0.22
0.2642
0.2994
0.2953
0.3224
0.3211
0.3474
0.3492
0.3825
0.3796
0.403
0.4185
0.4286
0.4629
0.4508
0.4923
0.5154
0.5245
0.5431
0.5409
0.5273
0.5298
0.5493
0.5479
0.5093
0.5489
0.5484
0.5458
0.5637
0.5648
0.5802
0.5756
0.5812
0.5868
0.5883
0.581
0.5955
0.5904
0.5857
0.5851
0.591
0.5991
0.5982
0.6011
0.5998
0.6133
0.6185
0.6294
0.6279
0.6188
0.6233
0.6307
0.6081
0.6203
0.6254
0.6254
0.623
0.6217
0.6207
0.6175
0.6212
0.6255
0.6222
0.6294
0.6388
0.6371
0.6407
0.6377
0.6371
0.6241
0.6408
0.6386
0.6347
0.642
0.6501
0.6426
0.634
0.6464
0.6458
0.6497
0.6483
0.6545
0.6518
0.65
0.6568
0.6524
0.6385
0.6548
0.6498
0.6421
0.6465
0.6328
0.6374
0.6444
0.646
0.6598
0.662
