0.7706
0.6535
0.5431
0.467
0.4328
0.4055
0.3782
0.3436
0.3525
0.3441
0.3131
0.3068
0.3045
0.3095
0.2768
0.2653
0.2708
0.2662
0.2575
0.2172
0.2417
0.2422
0.2445
0.2046
0.2095
0.2343
0.2227
0.2165
0.2224
0.1886
0.2172
0.1866
0.206
0.2067
0.1846
0.2197
0.2025
0.1634
0.2118
0.1881
0.205
0.1982
0.1962
0.1948
0.1584
0.1834
0.1925
0.1867
0.167
0.1784
0.1609
0.1868
0.1713
0.1865
0.1751
0.1764
0.172
0.1411
0.1671
0.1946
0.159
0.1553
0.1605
0.1672
0.1334
0.1728
0.1168
0.13
0.1582
0.1751
0.1136
0.183
0.1679
0.1229
0.1492
0.1742
0.1295
0.1432
0.1523
0.1519
0.1411
0.1435
0.1441
0.1547
0.1292
0.1661
0.1463
0.1353
0.1392
0.1359
0.1561
0.1452
0.1132
0.1124
0.1455
0.1674
0.1563
0.1343
0.1432
0.1494
0.1456
0.1377
0.1623
0.1439
0.1251
0.1456
0.1302
0.1314
0.1456
0.1216
0.1277
0.1438
0.1256
0.121
0.1365
0.1462
0.1241
0.1429
0.132
0.1222
0.134
0.1473
0.145
0.1186
0.1247
0.151
0.1518
0.1228
0.1304
0.1234
0.1411
0.1264
0.1432
0.1482
0.1376
0.1176
0.118
0.1195
0.1391
0.1347
0.1367
0.1097
0.1198
0.1173
0.1254
0.1383
0.1192
0.1141
0.1259
0.1073
0.1241
0.1123
0.0994
0.1159
0.1327
0.1033
0.1307
0.0925
0.1145
0.1302
0.1326
0.1051
0.1174
0.1048
0.1294
0.1161
0.1238
0.1472
0.1158
0.1258
0.1127
0.1127
0.1079
0.1225
0.1282
0.0934
0.1075
0.1017
0.1127
0.1032
0.1155
0.1003
0.1161
0.1087
0.0876
0.0957
0.1136
0.1042
0.1102
0.1153
0.1023
0.1313
0.1293
0.1339
0.0973
0.101
0.0993
0.1252
0.0968
0.1051
0.118
0.0919
0.1116
0.0829
0.1137
0.1113
0.099
0.111
0.1142
0.108
0.1102
0.1215
0.1145
0.0953
0.1343
0.1173
0.1261
0.1019
0.1068
0.0886
0.1205
0.1034
0.1163
0.0916
0.0966
0.1027
0.097
0.1076
0.0993
0.0885
0.1042
0.1178
0.1065
0.0985
0.0942
0.1382
0.0925
0.1199
0.1114
0.1069
0.1079
0.0942
0.1002
0.1018
0.1041
0.1144
0.0992
0.1062
0.095
0.0907
0.0947
0.1025
0.0948
0.1029
0.0991
0.0866
0.0884
0.0948
0.1152
0.0978
0.0989
0.1079
0.1018
0.0866
0.1048
0.0952
0.0868
0.0876
0.0953
0.1014
0.0929
0.0909
0.0836
0.0931
0.1047
0.1152
0.1028
0.1129
0.1077
0.11
0.0951
0.0992
0.0895
0.1124
0.0911
0.1207
0.1021
0.0879
0.1056
0.0853
0.1012
0.0924
0.0975
0.0858
0.0803
0.0846
0.1115
0.1101
0.1136
0.1018
0.1116
0.1088
0.1011
0.1004
0.0942
0.1077
0.0889
0.11
0.0967
0.0909
0.0895
0.0822
0.0781
0.0735
0.0918
0.0863
0.0769
0.0799
0.0765
0.0739
0.0962
0.0798
0.086
0.0936
0.094
0.0996
0.0723
0.0948
0.0859
0.0888
0.1055
0.0955
0.0906
0.0829
0.0851
0.081
0.081
0.0811
0.0671
0.0963
0.1121
0.0934
0.0901
0.0877
0.0793
0.0898
0.0687
0.077
0.0963
0.0865
0.0894
0.092
0.077
0.0906
0.074
0.0872
0.0669
0.0775
0.092
0.0885
0.0913
0.0778
0.0826
0.0799
0.0824
0.0773
0.0709
0.0819
0.0828
0.0815
0.0791
0.0781
0.0802
0.0933
0.0753
0.0692
0.0837
0.0885
0.0864
0.1005
0.078
0.0727
0.0667
0.0788
0.0708
0.0753
0.0703
0.0956
0.1006
0.1123
0.0859
0.0921
0.0836
0.0832
0.0964
0.0758
0.0918
0.0694
0.0789
0.0695
0.0807
0.0772
0.0754
0.0638
0.0775
0.0692
0.0799
0.0878
0.0844
0.0683
0.0675
0.0753
0.0818
0.1054
0.0721
0.073
0.0706
0.0596
0.0792
0.0678
0.069
0.0728
0.0659
0.0807
0.0874
0.0679
0.0782
0.0779
0.0824
0.0651
0.0648
0.0827
0.0874
0.0821
0.0689
0.0678
0.0656
0.0842
0.0771
0.0633
0.0852
0.0788
0.0679
0.0576
0.0815
0.0751
0.0845
0.0736
0.0796
0.0752
0.0907
0.0673
0.0775
0.0682
0.057
0.0731
0.084
0.0845
0.075
0.0723
0.0831
0.0682
0.0678
0.0844
0.0745
0.0651
0.0713
0.0895
0.0665
0.0748
0.0569
0.0683
0.059
0.0754
0.0717
0.0677
0.0672
0.0933
0.0564
0.0599
0.0694
0.0569
0.0622
0.0627
0.05
0.091
0.077
0.0833
0.0664
0.0671
0.0765
0.0753
0.0622
0.0558
0.0562
0.0683
0.0646
0.0859
0.0656
0.074
0.0566
0.0562
0.0643
0.0597
0.0644
0.0569
0.078
0.0595
0.0536
0.0708
0.0677
0.0669
0.0573
0.0641
0.0574
0.0667
0.0553
0.0661
0.0674
0.0639
0.0633
0.0639
0.0592
0.0611
0.0604
0.057
0.0793
0.0674
0.0679
0.057
0.0691
0.0544
0.0593
0.0652
0.0557
0.0605
0.0584
0.0626
0.0662
0.0673
0.0912
0.0545
0.0596
0.0665
0.0608
0.0481
0.0626
0.0577
0.0656
0.0614
0.0535
0.0518
0.0701
0.0753
0.0695
0.0569
0.0496
0.049
0.0608
0.0595
0.0593
0.0738
0.0717
0.0657
0.0671
0.0826
0.0574
0.0543
0.0436
0.0606
0.0593
0.0711
0.0781
0.0527
0.0645
0.07
0.0521
0.0604
0.0585
0.0614
0.0658
0.0446
0.0577
0.0622
0.0792
0.052
0.0719
0.0531
0.052
0.0585
0.055
0.0723
0.0639
0.0638
0.0391
0.0705
0.0574
0.0478
0.0504
0.0607
0.0535
0.0688
0.0576
0.0688
0.0538
0.0456
0.0644
0.0568
0.0567
0.0527
0.0584
0.0457
0.0384
0.0624
0.0533
0.0599
0.0655
0.0595
0.0541
0.044
0.062
0.0543
0.0594
0.0572
0.0572
0.0647
0.0615
0.0588
0.071
0.0615
0.0551
0.0797
0.0497
0.0563
0.0513
0.0427
0.0496
0.0631
0.0458
0.0445
0.0792
0.0624
0.0476
0.0466
0.0487
0.062
0.0405
0.0561
0.0565
0.055
0.0461
0.053
0.0559
0.0647
0.0433
0.0419
0.0528
0.0497
0.048
0.0383
0.0466
0.0507
0.0507
0.065
0.0491
0.0644
0.0457
0.0522
0.0478
0.0497
0.0469
0.0394
0.0571
0.0608
0.0475
0.0495
0.0482
0.0512
0.064
0.0446
0.0483
0.0384
0.0496
0.0511
0.0444
0.0633
0.0495
0.0557
0.0423
0.0403
0.0504
0.0548
0.0579
0.0528
0.0528
0.0472
0.0433
0.0373
0.0482
0.0418
0.0403
0.0353
0.0471
0.0425
0.0525
0.0635
0.0604
0.049
0.0589
0.0447
0.0382
0.0564
0.0504
0.0487
0.0435
0.0514
0.0472
0.0484
0.0415
0.0466
0.0475
0.0553
0.0346
0.0572
0.0451
0.0487
0.0358
0.0543
0.0395
0.0342
0.0494
0.0452
0.0291
0.0477
0.0625
0.05
0.0482
0.0529
0.0346
0.046
0.0488
0.0545
0.066
0.0484
0.0472
0.0482
0.04
0.0393
0.0387
0.0619
0.0643
0.0467
0.0449
0.0422
0.0396
0.0658
0.0553
0.0401
0.0332
0.0449
0.04
0.0577
0.0408
0.0355
0.0487
0.043
0.0437
0.064
0.0362
0.0578
0.0449
0.0402
0.0539
0.0347
0.035
0.0395
0.046
0.0401
0.0585
0.0498
0.0485
0.0421
0.0482
0.0419
0.0488
0.0469
0.0416
0.045
0.0443
0.0482
0.0396
0.0396
0.0392
0.0399
0.0468
0.0513
0.0314
0.0374
0.0377
0.0405
0.04
0.0347
0.0465
0.0399
0.0461
0.0476
0.0459
0.0363
0.0422
0.0373
0.0476
0.0438
0.0398
0.0337
0.0313
0.0343
0.0432
0.0302
0.0416
0.039
0.0528
0.0492
0.0444
0.0369
0.0356
0.04
0.037
0.0371
0.0571
0.0409
0.0452
0.0387
0.0383
0.0534
0.0421
0.0493
0.0311
0.0437
0.0393
0.0511
0.0436
0.038
0.0373
0.0369
0.0403
0.0338
0.0386
0.0311
0.0359
0.0272
0.0421
0.0293
0.0373
0.0353
0.0402
0.0467
0.0468
0.0311
0.0471
0.0416
0.0518
0.0255
0.0461
0.039
0.0483
0.0432
0.0442
0.0409
0.0386
0.0326
0.0476
0.0361
0.0378
0.0292
0.0424
0.0458
0.0457
0.0311
0.0356
0.0372
0.0376
0.0469
0.0284
0.0336
0.0304
0.0395
0.0398
0.0418
0.0467
0.0422
0.0343
0.0352
0.0292
0.0366
0.0416
0.0384
0.0404
0.0411
0.0289
0.0457
0.0384
0.0352
0.0502
0.0378
0.0411
0.0365
0.03
0.05
0.036
0.0412
0.0387
0.0227
0.0341
0.0336
0.0261
0.0304
0.0443
0.0321
0.031
0.0323
0.0344
0.0327
0.0477
0.031
0.0254
0.0395
0.0434
0.0444
0.035
0.0333
0.0424
0.0222
0.0298
0.0362
0.032
0.0374
0.0439
0.028
0.0372
0.0375
0.0303
0.0325
0.041
0.0403
0.0392
0.0315
0.0446
0.0397
0.0374
0.0367
0.0316
0.0247
0.0283
0.0482
0.0223
0.0328
0.0382
0.0353
0.0311
0.0334
0.0279
0.0329
0.0358
0.0361
0.028
0.0366
0.0353
0.0289
0.0453
0.0356
0.0461
0.0333
0.0369
0.0368
0.0357
0.0359
0.0395
0.0315
0.024
0.0345
0.0307
0.0386
0.0303
0.0289
0.0295
0.0406
0.0577
0.0291
0.0326
0.0268
0.0305
0.0222
0.0319
0.0323
0.0383
0.0338
0.032
0.0298
0.0315
0.026
