0.1633
0.1759
0.2081
0.2297
0.2538
0.253
0.2515
0.2574
0.2547
0.2602
0.2661
0.2646
0.2812
0.2871
0.303
0.3045
0.3233
0.3269
0.334
0.3526
0.3539
0.365
0.3762
0.3719
0.3724
0.3707
0.3889
0.3854
0.3894
0.4164
0.4024
0.4111
0.4266
0.4244
0.4287
0.4128
0.437
0.4371
0.4425
0.4211
0.4443
0.4483
0.4444
0.4319
0.4722
0.4752
0.4499
0.451
0.4538
0.4696
0.4145
0.4903
0.4543
0.4758
0.4465
0.4417
0.4659
0.4765
0.4707
0.4281
0.4926
0.4834
0.4495
0.4641
0.5013
0.4675
0.5174
0.4889
0.5052
0.4669
0.5127
0.4582
0.4603
0.4933
0.4961
0.498
0.51
0.4883
0.4882
0.4849
0.4592
0.5237
0.5053
0.5024
0.4899
0.4545
0.5141
0.4877
0.5163
0.4938
0.486
0.5056
0.4936
0.5039
0.4953
0.4855
0.485
0.5089
0.4839
0.4741
0.4717
0.4882
0.449
0.4975
0.5181
0.5006
0.4843
0.4587
0.4885
0.486
0.4927
0.4833
0.4803
0.5152
0.4744
0.4824
0.5308
0.4929
0.5185
0.5036
0.5422
0.5257
0.4959
0.5259
0.4965
0.4774
0.5101
0.5286
0.5295
0.519
0.4873
0.5533
0.5054
0.4812
0.5289
0.5066
0.5054
0.5073
0.524
0.5101
0.4762
0.5038
0.5046
0.5208
0.5061
0.5233
0.493
0.5292
0.533
0.4915
0.4927
0.493
0.5359
0.5198
0.4933
0.5375
0.4952
0.5388
0.4964
0.5423
0.492
0.481
0.5242
0.5192
0.4755
0.5036
0.5093
0.5399
0.4935
0.5076
0.5243
0.4761
0.4826
0.507
0.5222
0.4917
0.5339
0.5293
0.5
0.5487
0.4934
0.5145
0.5239
0.4907
0.539
0.5011
0.4953
0.5422
0.4702
0.4766
0.5116
0.446
0.4977
0.5104
0.5541
0.5033
0.5165
0.4717
0.529
0.4963
0.5506
0.5347
0.4976
0.5324
0.546
0.4977
0.536
0.5037
0.5494
0.5147
0.5083
0.4808
0.5263
0.5321
0.5104
0.4773
0.4784
0.5242
0.5113
0.5151
0.5391
0.5059
0.4976
0.5033
0.5205
0.5236
0.5011
0.5121
0.4936
0.5025
0.513
0.5102
0.5097
0.5156
0.5364
0.4683
0.5256
0.5132
0.4899
0.5546
0.5334
0.4784
0.5778
0.4925
0.4829
0.4926
0.4931
0.5267
0.5178
0.5293
0.5242
0.5023
0.5439
0.5278
0.511
0.5085
0.5205
0.5076
0.4809
0.4958
0.4965
0.5398
0.5132
0.5122
0.4996
0.5433
0.5385
0.4889
0.4998
0.508
0.5042
0.4891
0.537
0.528
0.5017
0.4925
0.527
0.5014
0.5197
0.4549
0.5005
0.4798
0.5326
0.5349
0.5319
0.5358
0.5111
0.5417
0.5839
0.5182
0.5097
0.5175
0.4902
0.5641
0.4821
0.5055
0.4993
0.472
0.4987
0.5346
0.5316
0.5829
0.4657
0.5311
0.505
0.514
0.5132
0.5104
0.5167
0.511
0.5957
0.5501
0.5567
0.5758
0.5511
0.5056
0.5153
0.5654
0.5358
0.5222
0.5141
0.4947
0.5615
0.4614
0.521
0.5128
0.5094
0.5316
0.5502
0.5172
0.5642
0.5078
0.532
0.5133
0.5422
0.4724
0.4948
0.554
0.4866
0.4339
0.5357
0.5179
0.5031
0.5213
0.5262
0.5094
0.5081
0.5077
0.5166
0.4861
0.5343
0.4889
0.5554
0.5297
0.5267
0.5489
0.5402
0.5077
0.5034
0.5515
0.5074
0.5169
0.5011
0.5144
0.4727
0.4996
0.5548
0.5458
0.5353
0.4872
0.502
0.5335
0.5071
0.5033
0.5704
0.5171
0.494
0.4839
0.4939
0.4816
0.5182
0.556
0.536
0.5455
0.5094
0.5521
0.4978
0.5049
0.5311
0.4145
0.5715
0.5247
0.5299
0.5244
0.5086
0.5635
0.4853
0.5391
0.5012
0.571
0.5057
0.5607
0.4118
0.5431
0.5038
0.4839
0.4954
0.542
0.5397
0.557
0.5307
0.5227
0.5537
0.5072
0.5595
0.5747
0.5098
0.5791
0.5206
0.5573
0.4861
0.5389
0.5112
0.5322
0.5208
0.506
0.4271
0.5124
0.5479
0.4824
0.5418
0.5385
0.5271
0.4901
0.5181
0.4643
0.541
0.5458
0.5241
0.4864
0.4295
0.4675
0.5314
0.5545
0.4555
0.5367
0.5606
0.5183
0.4906
0.5045
0.5564
0.5693
0.472
0.547
0.5574
0.5013
0.4807
0.4715
0.4732
0.5024
0.4951
0.4898
0.521
0.5026
0.5229
0.5626
0.4502
0.5116
0.4723
0.5135
0.5541
0.5196
0.5715
0.5404
0.507
0.514
0.5225
0.4983
0.4882
0.5623
0.5189
0.5196
0.5175
0.4573
0.5979
0.5342
0.4206
0.4691
0.5229
0.4749
0.5317
0.5687
0.5066
0.5526
0.5613
0.504
0.4795
0.4934
0.5201
0.4868
0.5608
0.5739
0.5748
0.5582
0.5391
0.5204
0.5164
0.5402
0.5681
0.5372
0.5829
0.4811
0.5152
0.5502
0.5343
0.5619
0.5346
0.5246
0.5421
0.4749
0.5432
0.5076
0.5528
0.5545
0.5322
0.5361
0.5709
0.5287
0.5693
0.4535
0.5272
0.5447
0.578
0.5114
0.5595
0.541
0.5156
0.5055
0.5204
0.5199
0.5042
0.5175
0.4918
0.5242
0.5396
0.565
0.4514
0.5361
0.5012
0.5625
0.5522
0.4655
0.4382
0.5734
0.5182
0.5121
0.5349
0.5386
0.5961
0.5563
0.5292
0.5054
0.5465
0.538
0.5162
0.5359
0.5136
0.4794
0.5235
0.5538
0.5394
0.5212
0.5233
0.4967
0.5705
0.5925
0.5649
0.5105
0.5368
0.5216
0.5304
0.5592
0.4414
0.543
0.5483
0.5777
0.5733
0.5264
0.5872
0.5551
0.5146
0.5493
0.5096
0.5373
0.5522
0.4502
0.499
0.5032
0.5474
0.4723
0.5472
0.5304
0.5342
0.5542
0.5332
0.5267
0.5232
0.5312
0.5062
0.4928
0.5148
0.54
0.5744
0.5925
0.5357
0.5491
0.4894
0.4661
0.5521
0.571
0.5658
0.4748
0.5203
0.549
0.4945
0.5641
0.4883
0.5251
0.5528
0.5298
0.5661
0.4913
0.5664
0.5428
0.5398
0.5466
0.5112
0.562
0.5608
0.5613
0.5542
0.5599
0.5349
0.5524
0.5574
0.5558
0.5822
0.553
0.575
0.5617
0.5044
0.5272
0.5874
0.503
0.5647
0.5811
0.5546
0.5591
0.5744
0.5887
0.5212
0.5793
0.4965
0.5503
0.5672
0.5779
0.5569
0.5095
0.5476
0.4536
0.5628
0.5532
0.5295
0.5625
0.4666
0.555
0.5049
0.506
0.5327
0.5468
0.4534
0.5608
0.5049
0.5579
0.5003
0.5555
0.5154
0.5984
0.6104
0.463
0.5773
0.6006
0.556
0.5583
0.5324
0.5429
0.5674
0.5993
0.4458
0.5944
0.5347
0.5045
0.5506
0.5689
0.5376
0.5137
0.5738
0.5945
0.5689
0.6133
0.4934
0.5406
0.5358
0.5576
0.5421
0.5832
0.5108
0.5739
0.5255
0.5999
0.5652
0.5563
0.564
0.5709
0.5748
0.595
0.5326
0.5616
0.5697
0.6032
0.5009
0.5455
0.5803
0.5869
0.5496
0.5887
0.5463
0.509
0.5938
0.5514
0.4874
0.5363
0.5583
0.4547
0.5968
0.4406
0.5641
0.5982
0.5954
0.5637
0.5488
0.5445
0.5212
0.5411
0.5513
0.5105
0.5722
0.5846
0.5684
0.5817
0.5948
0.5781
0.5355
0.593
0.551
0.5976
0.5202
0.5393
0.6437
0.5853
0.5887
0.5805
0.5828
0.566
0.5866
0.6265
0.5887
0.5483
0.5321
0.5609
0.5814
0.5802
0.5783
0.5403
0.467
0.5625
0.4877
0.5884
0.5821
0.5906
0.5621
0.4799
0.5481
0.5483
0.5364
0.585
0.6016
0.5512
0.5308
0.5453
0.5645
0.5397
0.5699
0.543
0.5769
0.5283
0.487
0.5573
0.5395
0.5539
0.5494
0.6185
0.6262
0.625
0.6153
0.5455
0.4977
0.6277
0.5899
0.5683
0.5556
0.5638
0.5959
0.5888
0.5937
0.4648
0.5401
0.5716
0.5897
0.6011
0.558
0.5909
0.6042
0.5995
0.5787
0.573
0.4979
0.55
0.5644
0.5115
0.5577
0.5636
0.5422
0.5475
0.589
0.5643
0.6343
0.5816
0.6098
0.5754
0.5809
0.5868
0.5939
0.5884
0.5749
0.5819
0.5612
0.5976
0.5865
0.56
0.5673
0.5481
0.5729
0.5317
0.5868
0.5334
0.5679
0.6066
0.5636
0.5657
0.5652
0.5406
0.634
0.6261
0.594
0.5538
0.5467
0.5891
0.566
0.5744
0.597
0.545
0.558
0.6191
0.5142
0.5596
0.5846
0.5334
0.5831
0.5747
0.6116
0.5636
0.5911
0.5435
0.5938
0.5883
0.5619
0.616
0.5581
0.5457
0.5021
0.6133
0.5676
0.554
0.5118
0.6036
0.5677
0.5845
0.5451
0.5766
0.5761
0.5262
0.5679
0.6353
0.4941
0.6119
0.5587
0.5891
0.5312
0.6075
0.5577
0.5634
0.5698
0.5635
0.6122
0.6187
0.5638
0.6222
0.6385
0.5795
0.5929
0.6641
0.6042
0.6018
0.6112
0.6355
0.5666
0.5354
0.5979
0.595
0.6157
0.5893
0.528
0.6205
0.5448
0.5505
0.5674
0.5728
0.5754
0.5189
0.5976
0.6265
0.5936
0.5682
0.5906
0.5734
0.5263
0.6094
0.5976
0.5567
0.5905
0.603
0.571
0.6146
0.5867
0.5612
0.5892
0.644
0.5811
0.5635
0.5719
0.6108
0.5505
0.5942
0.6185
0.6151
0.5987
0.5733
0.5908
0.5569
0.5928
0.5642
0.5553
0.5597
0.5794
0.6071
0.6357
0.5738
0.6004
0.6021
0.5785
0.6099
0.645
0.6079
0.5949
0.5323
0.5438
0.5805
0.5615
0.6011
