0.2002
0.3049
0.3637
0.416
0.4505
0.4812
0.5327
0.5638
0.6036
0.6457
0.6716
0.7056
0.7051
0.7238
0.734
0.7592
0.7771
0.7827
0.7874
0.8012
0.7989
0.8118
0.8144
0.8096
0.8271
0.8245
0.8363
0.8343
0.8405
0.8418
0.8441
0.8517
0.8502
0.8519
0.855
0.8582
0.861
0.8656
0.8653
0.8658
0.8715
0.8705
0.8712
0.8729
0.8732
0.8774
0.8799
0.8792
0.8824
0.8836
0.8836
0.8832
0.8866
0.8881
0.8889
0.891
0.891
0.8918
0.8929
0.8929
0.8938
0.8948
0.8968
0.8988
0.9005
0.9035
0.9005
0.9008
0.903
0.9038
0.9039
0.9053
0.9067
0.9082
0.9085
0.9078
0.9111
0.9116
0.9126
0.9126
0.9129
0.9136
0.9136
0.9135
0.9134
0.9148
0.9141
0.9157
0.9167
0.9169
0.9161
0.9181
0.9185
0.9183
0.9192
0.9205
0.9205
0.9201
0.92
0.921
0.921
0.922
0.9233
0.9244
0.9239
0.924
0.9233
0.924
0.9241
0.9245
0.9249
0.9255
0.9254
0.9257
0.9264
0.9265
0.9266
0.927
0.9267
0.9268
0.9271
0.9278
0.9266
0.9272
0.9274
0.9273
0.9281
0.9287
0.9288
0.929
0.9294
0.9297
0.9302
0.9305
0.9303
0.9308
0.9314
0.9311
0.9308
0.9302
0.9308
0.931
0.932
0.9318
0.9323
0.9327
0.9315
0.9302
0.9319
0.9318
