0.1496
0.1405
0.137
0.1145
0.2375
0.2144
0.3069
0.3314
0.3752
0.3969
0.4024
0.4191
0.425
0.4388
0.4529
0.4558
0.4961
0.4749
0.4776
0.4817
0.4729
0.5137
0.5133
0.5191
0.5227
0.5254
0.528
0.5256
0.5361
0.538
0.5432
0.5402
0.5512
0.5503
0.5476
0.5462
0.551
0.5544
0.5543
0.5628
0.5569
0.5575
0.5606
0.5651
0.5662
0.5699
0.5657
0.5713
0.5808
0.5744
0.5807
0.5867
0.5916
0.5927
0.5993
0.6
0.6172
0.6085
0.6071
0.6051
0.6037
0.6125
0.6197
0.6225
0.6167
0.6179
0.6285
0.6307
0.634
0.6306
0.6379
0.631
0.6289
0.6364
0.6302
0.6334
0.6381
0.6353
0.6386
0.6391
0.6366
0.6477
0.6493
0.6331
0.6351
0.6473
0.6506
0.6453
0.6438
0.6447
0.661
0.6649
0.6739
0.6801
0.6838
0.679
0.6807
0.6816
0.676
0.6777
0.6811
0.6869
0.6876
0.6939
0.7058
0.7007
0.7009
0.6984
0.7006
0.6923
0.6943
0.6992
0.703
0.7041
0.7038
0.6986
0.7017
0.6987
0.7126
0.7149
0.7043
0.702
0.6979
0.6983
0.6998
0.7044
0.6997
0.6983
0.7003
0.7014
0.7001
0.7016
0.7047
0.7097
0.7125
0.7108
0.7122
0.7124
0.7147
0.7127
0.712
0.7191
0.7166
0.7137
0.7103
0.7121
0.713
0.7126
0.7074
0.7114
0.7128
0.7196
0.7233
0.7195
0.7179
0.7213
0.72
0.7236
0.7249
0.7304
0.7277
0.7306
0.7296
0.7263
0.7217
0.727
0.7278
0.7244
0.7209
0.7261
0.7224
0.7275
0.7222
0.7223
0.7213
0.724
0.7238
0.7256
0.7281
0.7336
0.7346
0.7339
0.7317
0.7315
0.7325
0.7307
0.7308
0.7277
0.7274
0.7232
0.7216
0.7234
0.7217
0.7223
0.7211
0.7226
0.7234
0.7269
0.7322
0.7307
